"method","scenario_id","scenario","rep","N","n_X","sigma2_x","ATE_est","NDE_d1_est","NDE_d0_est","NIE_d1_est","NIE_d0_est","ATE_true","NDE_d1_true","NDE_d0_true","NIE_d1_true","NIE_d0_true","ATE_bias","NDE_d1_bias","NDE_d0_bias","NIE_d1_bias","NIE_d0_bias"
"lsem_i_oracleZ",4,"N4000_nX200_sx1",28,4000,200,1,1.67651489844356,1.28756186916421,1.09648326486052,0.580031633583045,0.388953029279357,1.70321254603218,1.31960813802096,1.12780593401534,0.575406612016831,0.383604408011221,-0.0266976475886174,-0.0320462688567544,-0.0313226691548216,0.00462502156621358,0.00534862126813623
