"scenario_id","scenario","rep","N","n_X","sigma2_x","seed","ATE","NDE_d1","NDE_d0","NIE_d1","NIE_d0"
4,"N4000_nX200_sx1",72,4000,200,1,4072,1.70100360969565,1.31694372308542,1.12491377978031,0.57608982991534,0.384059886610226
