"method","scenario_id","scenario","rep","N","n_X","sigma2_x","ATE_est","NDE_d1_est","NDE_d0_est","NIE_d1_est","NIE_d0_est","ATE_true","NDE_d1_true","NDE_d0_true","NIE_d1_true","NIE_d0_true","ATE_bias","NDE_d1_bias","NDE_d0_bias","NIE_d1_bias","NIE_d0_bias"
"lsem_i_proxyX",1,"N1000_nX10_sx1",80,1000,10,1,1.62734189099672,1.30272117467806,1.14547038027762,0.481871510719102,0.324620716318662,1.7338429445993,1.34988593885416,1.15790743598158,0.575935508617714,0.383957005745143,-0.106501053602576,-0.0471647641760984,-0.0124370557039581,-0.0940639978986118,-0.0593362894264806
