method,scenario_id,scenario,rep,N,n_X,sigma2_x,ATE_est,NDE_d0_est,NIE_d1_est,NIE_d0_est,ATE_true,NDE_d0_true,NIE_d1_true,NIE_d0_true,ATE_bias,NDE_d0_bias,NIE_d1_bias,NIE_d0_bias,converged,first_10_loss,last_10_loss,last_10_loss_sd,relative_drop,relative_sd
dmavae,3,N1000_nX200_sx1,20,1000,200,1,1.532115,1.038909,0.493206,0.332420,1.687304,1.111163,0.576141,0.384094,-0.155189,-0.072254,-0.082934,-0.051674,True,312.290608,240.720006,0.011679,0.229179,0.000049
