"y"
3.04345548301461
3.06365045990428
-0.63287770844347
2.01332589857478
-0.124183247777327
0.0170188373743336
0.829341549067157
2.13601432320676
2.92524328574174
1.40619872453356
2.27645120662661
1.59330375169688
3.93565803773437
4.21085493453827
1.8168509239289
4.86838689018648
0.691399656707046
2.89120020495254
3.77887159856799
-0.544419277090217
1.01482244703536
2.31945666169575
4.45400062948672
3.87393434192485
1.85605140907287
2.31971916872677
2.60459349071197
3.81808284555963
-0.0647370869900767
0.177532092283147
2.54890518806656
3.4176654717836
0.998471949041082
2.89771785880741
2.08924400226893
4.21358444608687
3.05277203656114
4.72599299968342
0.74795357914093
1.91806364680772
4.63423737228416
0.167523492212776
4.44033051662363
1.3260162990745
1.43607807985293
2.42607411580066
2.0408966486869
1.23378855846576
3.35593288789432
-0.532531255169042
2.82271246519011
1.78651506316107
1.23099658588531
0.452105738674915
-0.65015030117395
4.11401484569681
1.93439221111773
3.625590249466
0.828248485825797
-0.454180890764015
0.15511380851491
-0.486278261251376
1.5957471714614
-0.477342666176774
1.25504573713004
5.51147067965839
2.88177200735892
4.39111442266275
3.25988876471377
-1.4349390480002
5.95535941318264
1.0247378178786
4.79372279973246
2.3759931247941
1.63974729167766
5.01024020333816
7.81547293529027
2.95506813060667
2.26477309628697
1.57947614921484
3.86772426753461
0.049645498556911
4.31397291784863
-1.22902805567975
6.76049028477964
1.71955617710212
0.585018474144021
1.5829369394347
1.18563624861811
0.707547285454063
1.63876719409261
0.156870683966916
2.11772210200037
4.71856565852285
1.99783026076816
3.56627613706818
4.57200596929598
3.61177076315808
1.11157634962473
0.945083543497698
4.0862165316881
4.82271694978391
3.83674366957673
3.05435525993144
0.248561221560239
2.02584322086052
0.363807830778836
-0.328519936260092
4.78300619818973
-0.916319008683938
1.20682706893307
3.33291482345963
0.484973060512398
0.143552383408958
1.25171756478742
1.4231753291266
2.94079661873304
2.93422394286922
3.43633414150977
-0.274656015135162
-0.201725582625434
3.96504177356537
-0.57981819100788
2.79434501847347
1.08897086692187
1.82542636379543
3.15512584865771
-0.427453652816838
2.49860565659634
2.70163738723289
0.572263066239405
5.76467510742382
5.02623296961693
7.75441565801465
4.41365672261564
2.48004553186569
7.1072633824575
5.51399647027186
0.397412864456953
-0.0234091147158567
4.05036444957189
4.98861957968206
0.435690264955543
5.66959844825952
4.29788240803011
1.21018157249297
1.13583164077727
3.80237977016737
1.64681236371555
5.24019548019331
3.1362337994676
2.46019984803582
-1.29045240703606
7.49176933120144
3.86221820068396
0.705938176816663
2.45335701472491
5.0051471919118
1.6693075719038
1.01013031482176
2.72205036877965
2.49888281817879
5.93780203981019
2.35349215378674
2.84599691844293
3.78030444493588
2.49129159480023
0.506210115999587
-0.30432638121335
0.285956637780832
1.64163863510397
1.85892151308441
0.286411101554512
6.17810205631591
1.38130113205533
5.27343716204745
0.465052299935124
5.78267971553188
1.37505708456787
1.59476237767238
0.775985431958466
-0.582447031167417
3.39677992433232
-1.48569893867659
-0.30636009330961
3.17817982384986
1.6291853233982
3.38608584409749
3.66825420556724
2.26289432442286
2.72376937039313
5.06418569124146
7.56789718695442
0.612631328404578
-2.10596162583149
6.87627660608075
0.578986633362228
2.17519926872364
5.71408989971267
-0.909676521023549
6.07780728326898
1.96941191496506
7.67724214209142
0.86546780121012
5.13634014000245
3.85278444161777
0.794302838084671
-0.683697995118809
2.02864226527575
3.95462147346625
3.51665483648813
1.44169248890993
3.17700231437432
0.494015421341033
-0.258187931507586
0.829750754784784
1.3224031268319
7.04815463427632
4.81574643378992
0.616051089402819
1.75124338398357
-1.10879518076799
0.70562298049835
5.28726540320974
2.83562205758566
1.75695841238804
4.12065246608567
1.10018291237967
4.10474147002191
5.7696529548699
2.07208445215422
3.37527646817706
0.946552741350208
3.21201242146103
5.58640917600595
-1.03597950199764
-2.3565245438824
1.31276064237739
1.15979681947296
2.24422671355935
3.25059467433252
0.0748109750671956
-1.33292837881527
3.62804076606639
2.39819341979722
0.23750979046556
2.25803583038549
2.61700145902036
-1.17799392645375
0.993175191886909
1.94134494531017
3.98081618988382
1.28384681601463
4.55436887990351
-0.258250029199488
0.853716286154406
4.4162477288642
6.85142703628979
6.1685255154493
4.156135436558
1.70760305197633
1.87484832757086
3.61683770496505
1.52254402397137
2.65058827355833
0.584016804991134
0.680013333216925
2.95266034487706
1.5223828594961
1.07976197895125
2.10616992964209
0.114853360736476
0.681931313475114
1.43270448668636
2.58078843517395
6.19919065314218
-0.840730905819782
2.84101253838724
-0.578430603063723
4.21574692698756
3.30190191455206
2.98010756818675
0.865859037144448
3.09417280571099
8.29878978139061
3.84466192513937
2.75028007058025
3.59431832752885
5.42769256162074
7.52888000959121
2.78653686461024
4.06381696059812
-2.82217312930491
0.361503910943018
4.34459886523571
0.789563182058188
-2.08512420401514
7.6915176715079
3.83844736203039
1.90239848411992
1.3375667279731
-0.0324463036638333
5.80370754326342
4.31450172411152
2.7896472077003
4.7206188078005
3.78526334075317
3.47591715245789
-1.46706158945192
2.73682497007534
3.79644455034747
3.94210695844906
0.147679701272908
3.23171381700567
-0.623742955963289
2.18850716480031
-0.193969743375474
6.14485701960555
0.173420235211952
4.36471828542587
0.313473782133019
0.813113844391441
2.24063164379168
4.97184064780415
2.9464169386347
-0.261243272399322
-2.28388366793063
6.09416042391764
-0.163234694608401
2.4010917048105
3.46887934431402
3.11824791974475
1.01443271434199
-0.510941404159108
2.0353764922049
2.22210023333569
2.12480541673016
3.81656015811128
1.202803794261
0.423630940333522
2.01734997747623
1.43981748997979
1.54424290922424
3.3878488018356
2.07992250799005
1.5431552951476
0.88524535018787
2.20967574865138
-0.30219094299739
0.832934533258562
-0.0952355170221686
-0.130882020076027
3.70477040955674
5.01642818059495
2.04400538965304
-1.46750756554755
4.69130887847112
6.17626161678621
0.646789173808457
1.14484099742075
2.58702239458033
0.777047891452002
0.504569099495519
-0.721600472675871
4.56934640896821
3.60089431186708
1.26317568678457
1.40753314910993
-0.770005203764665
1.99056020328935
0.771244601060003
4.04257409673303
6.11518324499829
2.84908130943338
0.481522976748038
1.00920395331776
2.74907998298972
2.64302393344289
0.255247312154815
-0.0354700516136438
4.14686552107737
1.03095065149539
1.46051542633011
4.29498806747243
0.754511250443119
3.89476660475553
1.44242410449721
5.35277639234664
3.25013720246237
2.0050109615439
2.83889490731825
1.47863312042004
2.17753779832969
5.02318124913086
1.77793995356499
5.66730078895534
0.566499195008432
0.890471113696144
4.39614398184247
5.15664008997208
5.92333228741405
3.93166270080269
-0.791372084372955
1.90482007262188
0.144561792598813
5.6999845067
1.81043173007789
0.576916421606917
1.25985340469026
0.780556259111478
0.268545605753018
5.31583004449463
-0.115460249950654
1.2612071082113
5.82869684142183
-1.11406267745969
3.39777783981771
4.09950046899267
2.20416663011677
3.25410484486897
-2.10623494522866
-1.29773750812503
1.06088251390805
2.09082621805116
3.12757552125803
1.43571151679652
1.27856764693464
2.48936117373576
2.6815979188551
3.52050679294579
2.15526913185774
3.11420349001766
3.17792281149309
3.32432232773065
1.7752849475075
1.97280633608724
2.47940993750753
0.295797298668929
3.5227408524595
2.14794519050175
0.337267586530645
-1.01648033104144
7.02242347632772
0.572938146146372
0.641552568513269
0.929466561816047
4.30991175209268
2.47234928527744
3.51083618061147
0.65295074174994
0.203866620323803
-0.709480968108577
-2.14536667293929
1.31535655538097
5.28754761122849
0.960445764858859
5.22309224419517
1.62176922393605
5.31748809108866
3.92220387550956
0.639988336578927
3.76700740275007
1.3513108418864
4.16019287283877
2.20369852142274
-0.523199417855391
1.39412079728401
5.36296197280453
2.75973612878977
-1.26284681264717
2.53035628442361
4.24015445216219
5.23460238618318
5.17577935126697
2.91075979049719
0.550827064991867
0.539949218394589
3.11847592348909
-1.91241849253914
1.5025669140269
1.33315948842715
-0.639875962541417
-1.84049229031512
3.16674970639843
-0.408709542220344
2.9571745321477
2.96146135449137
0.944875401187147
0.830054085793676
1.05008816468505
1.96727566957541
0.805565954147693
0.565081605372822
-1.20505828266836
2.88009038788289
1.45619460536859
1.21477948478262
5.44628157086723
2.94334006422605
2.65661406901871
5.86760912867733
1.37039612466183
-0.390264082632952
3.55869251806637
1.07884836776154
0.410321328445589
2.8228888058996
-2.72098220606875
0.50083759798275
-0.742192434630487
0.733903059519434
0.567207566081223
4.40984281962096
3.0572953411409
3.64884224649661
3.81560399124902
1.08812660394032
-0.498234434548896
2.93441509475007
4.09080194193787
0.0333675877358364
5.59330413350647
2.0855239259853
-0.773110757594819
5.96126822556833
3.28255219684399
0.728463419234464
5.17945159423477
-0.832962101081085
1.1425381373345
1.90126814415327
-0.0472437161243474
2.10502156261169
4.20726500282338
0.19657624326745
4.57184487908015
1.40115320338837
4.6876256981348
2.73617204867677
0.728411981854804
-0.288688964085526
1.49336361122189
0.103224936029403
1.10695001510245
7.38694594491412
3.09146295872598
0.536611980421545
4.4415131870664
-1.1920013710496
1.20882018427954
4.00474216040381
2.25084177022218
3.53422220363013
1.55511827782767
7.03171510733182
3.18504644268221
5.1412972233206
5.32783981878
-0.840488026786851
2.3450555524101
1.78710803974756
1.47066808256839
2.06498109261073
0.142778452820855
2.27831998834746
4.37573572539546
4.85427935542338
-0.0617113285461529
3.26954443252102
0.278810329053964
0.279720773494141
1.92326759363131
1.8963692029941
-0.498689802488433
1.96240028295487
4.91717918076206
5.15058539863337
0.371909088838703
-1.33267090610629
3.46292146588099
1.94071383412602
2.59959141649233
-0.652283476835807
1.30255097998502
0.950179725791135
0.442806719216203
1.58257523472259
3.08339519573788
0.894780723452948
-0.119749059967163
-0.576616417998501
0.173125382372115
2.65518365799304
1.06516469221172
1.02687678181842
0.650461839104716
0.438326081037526
-0.679629951328587
1.36114015168267
1.68583752705488
0.439963565482131
3.45562174983674
5.58033395587872
5.48116847115578
-0.777482321719616
5.58582497801858
5.55477459968169
3.00651024862277
1.12218841839136
-0.877551362784469
3.29625429186222
0.945321669222595
5.03575282067844
1.05757532751672
-0.357617525811867
4.6571443648646
3.27298568342014
0.509688272649384
1.88567174759816
-0.643005177783535
1.47409949145339
5.95817086479017
4.83566784673761
1.93187992090711
1.61870467711439
2.94493772901567
1.14559872881488
-0.0812843933686248
2.27556457541382
2.08445939104865
3.14387734071745
3.42206707924842
5.22796251817281
1.0234255613328
1.89358320630936
2.63481731595393
-1.56386595516207
4.55877048831919
1.94990537899548
2.77761225771941
4.14970778613879
3.74470602073622
0.257903871534529
3.73206032078868
0.501296728658398
0.0982966330354965
-1.7535604734857
1.38810769694054
3.08084583971651
4.79683637826141
-1.1001908940607
4.14217798486943
2.54945705821285
2.18261171923981
2.31902829110998
0.76231267020574
1.92812554774227
-0.207272233644312
-0.232952796860544
4.80402049783335
3.74314393930894
1.35731605468781
3.94926593488827
-0.312775633117646
0.641309447744199
2.64869789499788
2.85226181853896
7.89626187518964
1.10738995970784
-0.147051727145544
4.44034638806656
0.993132405395591
2.56687556927227
0.96273152693053
-0.832735336630694
1.85621306569128
4.76578479866982
5.24704623002316
0.320164450910274
-1.8406049209685
2.88674150299422
4.4040222526843
1.59619525260044
0.799824580822056
3.00362621302048
3.63252149501985
2.11767604817154
-1.6339141433871
2.68846207960358
0.51897952887523
2.40305533452741
2.74437731514074
-1.78303784963466
0.45529501982368
4.46636081172701
3.155233471338
2.5638719982729
-0.822710989204915
4.48596154247037
6.20685033929558
4.39693941994772
-2.35147993121498
1.54625351657187
3.34476791397894
4.96437475140222
5.94918027445111
0.814809422146972
1.49489224520634
3.25389681104634
1.4741077810966
0.760590112843062
1.2462526574141
1.3826018633001
1.10457211467135
0.908983230334329
4.15517959516758
2.54579713909207
3.04668961487004
2.99295319788827
-0.219907630169353
4.32447996372987
0.237068935091425
0.448215145945264
2.29339845640293
3.13532681792286
2.26358234446728
1.37244726967358
1.33286096311701
0.977515449280283
3.74570217876
2.5862171929582
0.803671204269642
1.36434589051781
1.53379007428718
-0.229123207853474
-1.98138642795228
-0.452984129331081
4.33233946265021
1.98557937141769
1.01863918643188
-0.61451264335253
4.40384573666517
4.48656832345253
3.08722990565701
1.8387323364678
3.84680836890638
6.73617481410126
5.82968888101669
0.952989381331206
5.60187991718255
4.11826194581409
-0.251251666380174
3.92534697763727
5.63869421709585
1.54908898984453
-0.814730093355685
3.1909753287646
-0.610666115615532
4.41985836987001
-0.0293716309742342
5.26219959786108
1.46246032426505
2.25440581316252
2.34476345664488
-0.417415256138776
3.87236087976959
-1.69256708785488
2.63493141961683
4.18614954458592
2.89743885810712
0.0593727538993254
1.62174887536468
3.43350669314086
1.70024785295215
2.26999169911874
1.55235794064603
2.12816263791614
7.16702294851917
0.241501010267963
4.88972557281807
2.43191458933037
5.62589524801951
2.10338754875803
1.66458555448735
1.00944813838459
-0.29930690788246
4.0768705044421
1.83581987434513
1.36693097097158
0.0362722356354964
2.32678181305485
2.00583021283348
3.0776567323637
4.45626502388021
0.00944668561141926
2.28206203980031
3.46408924345346
-0.340998412474465
2.01172983491753
4.22523902304298
4.00253107437308
7.52846785616249
4.35521111806232
2.54005869064871
0.989343634700567
3.08914179346204
2.70505792965475
1.09016825256119
1.48188475547332
1.69080714426786
1.47994019514439
1.8304027450616
4.96618808893718
1.3230795179354
0.734525012441249
2.31623350791658
3.19191560912379
3.67398292526093
-2.76352599825753
1.5332649847381
2.75269665575706
3.61886212241299
7.20903897933324
2.74609279944667
6.75117871807018
0.0105153117478669
0.131972361317045
2.78289144618996
-3.35623101474279
1.8176983064727
1.0741784655471
2.13916063011245
4.17449679617927
1.94895219548991
-3.03699896364537
2.16378916633339
3.60379671894459
4.11676127150394
2.01041518221202
3.2051954695313
0.928115788817041
3.47512539964726
2.00988258792245
2.50387515532665
2.37984738491606
1.94583402902943
2.1714468503311
-2.81783185529889
-0.595253576137159
1.77835241858655
1.56272623613764
2.43761769274506
1.8378474583684
-0.329911067059751
-1.56271409787856
0.978384120373149
5.36477085506985
-1.58799119640013
2.30162202334163
0.939867494157657
-2.9379148281216
2.00403446380078
2.80970798351669
5.91445237999741
2.70181769778463
1.72123632931147
3.50760174892697
-0.243202532214455
1.28789151586417
-0.132202341820235
-0.820330434645394
4.3407884743247
0.484134954132851
0.551935634146587
3.60239374614101
6.32263674647002
2.68312300466686
2.98957824681586
0.846921888090716
3.88523262624742
8.07493084121722
1.26788114195948
1.48798020733933
2.96602930489906
1.60123439244601
3.8613630121689
2.43418184336991
4.17598292649381
1.09416244791524
1.93419590577528
1.36061166982674
2.60330628224567
-0.587006338724261
-0.0542361072300703
0.0906954164649639
3.38194100784635
-0.0207697489903553
4.00373372448542
1.79461966304292
-0.528271847323221
1.28929262604571
1.68186752796634
2.36916824909288
2.44177360246351
0.204478631703979
2.27684181670857
0.525841587444368
0.72573661142527
5.17396104202965
6.73254391805653
0.557420437733175
3.14908110355251
1.25707277125767
1.34904152584816
1.06189412364963
2.23044396327306
1.1496455790485
3.63899404352837
1.91549591374683
2.64593899212192
6.30541782675492
0.671715053354965
0.754602733297931
0.914907954288436
5.36237023992837
2.37869585760066
1.77291266998614
0.401262067323346
0.731707932642182
3.76743325582758
1.26559181046175
-0.0913427702254115
1.86927169806107
1.28636220108147
4.86835922090178
2.49146157511327
2.03312725391511
-0.882757109660763
1.58994583887643
3.638650118467
5.95003626061093
0.900406466960351
1.7771106230612
5.74802225502267
-1.65901897128315
1.77930470376495
-1.99017196090209
3.79299621537557
2.28541530164106
0.00672923126809583
3.47441152625499
4.48343756007087
1.25426822825112
5.03788454715173
2.24673794631457
5.73912521359573
2.02068075112281
0.92672656494022
1.51267520546435
1.0341004677764
1.97980495301193
-0.144913838697105
4.72503666022415
3.68497828323414
3.77581875313463
1.29288369138405
3.50315803780686
3.38708930349589
2.98546392905146
3.55667459117103
0.615622869144268
3.20423519737925
5.72364192636633
2.93278574752791
0.382293728339404
3.39485043388177
5.13906655086466
2.50285281533293
3.17187233349011
7.42824965749128
1.90679101863201
1.47987646240922
1.70115970403369
4.02331243972933
2.27699462446321
1.04709182844183
-1.36582204712685
0.508806438863088
-0.236212226815482
-1.34021829769492
6.00163788776583
0.823572380129143
4.99909292945518
2.79740524395672
2.93130745240197
4.17485366132536
0.998293109616338
-3.39535727924126
0.922400874392587
3.55231746456817
