method,scenario_id,scenario,rep,N,n_X,sigma2_x,ATE_est,NDE_d0_est,NIE_d1_est,NIE_d0_est,ATE_true,NDE_d0_true,NIE_d1_true,NIE_d0_true,ATE_bias,NDE_d0_bias,NIE_d1_bias,NIE_d0_bias,converged,first_10_loss,last_10_loss,last_10_loss_sd,relative_drop,relative_sd
dmavae,6,N4000_nX10_sx3,97,4000,10,3,1.754597,1.018902,0.735694,0.412136,1.694797,1.119646,0.575151,0.383434,0.059800,-0.100743,0.160543,0.028702,True,34.692194,21.322611,0.010007,0.385377,0.000469
