"X1","X2","X3","X4","X5","X6","X7","X8","X9","X10"
2.43892602105643,2.06270479744748,0.695757639533375,-0.108401501652897,2.81790472552124,2.07545904573269,1.64670364126313,1.92190683803174,1.80830761478759,0.738185144516543
1.9348251474329,1.51831964604386,0.988113844196896,0.491191337082827,1.38770817674321,2.04441688066075,1.6433431906992,1.10392900124672,1.75148759163993,1.71436827545868
2.17623201284924,1.50675939533995,-0.677587556423037,1.84727788575161,3.53403088777059,0.977385993288804,0.561438966839396,1.14083796377719,-0.647941394587126,1.60040952706786
0.536843869997804,-0.37620118235369,-0.211324766438275,-0.590292655343624,2.54836456071085,0.494420722758855,0.207606003743287,-1.65408435115371,0.120801653204027,1.09404942334089
0.952955632219219,0.544792600194145,2.18726729545176,1.43799599262428,-0.0222784626908101,0.54091301504531,-0.38061763659334,-0.197802212266848,0.453309614286271,0.352288310073085
0.526730291410308,2.86489886921791,0.415897881406227,-1.15546487659797,1.61743770829307,-0.24785176793617,1.54164303295248,1.38225500199425,-0.294115468908843,0.833055661801506
1.91577619970897,1.02735224677358,1.64336135747645,2.29887490248031,0.34771961917024,2.15501006488847,1.92613713748725,1.64760618161653,0.654886521474432,2.06222397177649
3.6874312285351,1.86469116088583,1.72744087489393,1.82891683897845,1.78768744625168,2.75946837830959,3.24798518040411,2.79996042578506,2.45004037273684,3.09760149264346
1.72124575796972,4.55834320716182,2.33047194222627,1.13848079726256,1.07079270081493,2.51512309763221,2.25499884986725,2.77311346837358,1.47166085675382,0.958814530707528
0.432899777901923,-1.12105125048164,0.285621306417715,-0.619864506742696,-1.25997559916113,0.984509591578845,0.537731249965277,0.258285386790806,-0.621615991514654,-1.59897506206845
1.5233740961159,3.3713634272112,0.9833210196517,0.650065011688593,1.35785822729262,2.22902245042408,0.608088825227434,2.90010237560413,3.1732986009978,2.97916170161763
2.51669402223728,1.9716878875263,1.52243873507203,3.19730732127708,0.298013300018352,1.23197323967725,2.99786724679025,3.74957932166866,2.81386905998224,0.078853531609584
1.50498436764793,-0.318211385492693,1.39358746825651,1.54654384125972,0.338610597809634,0.694572688127488,2.16695132198921,1.27322722901283,0.655818222834434,1.04510360646475
0.822954970871616,3.0945906515336,0.60341303446877,2.51559334637911,2.14855905891491,1.53945383125849,2.90179087354373,2.03277223298944,1.40479893775472,0.00415486216043126
3.26093076771684,2.01254296097853,3.07483741794518,2.2665044460778,1.5432825246848,1.08297355922659,0.488982387014153,1.60237006283607,2.39241555622807,2.38151856343414
1.90612329319565,1.63401030302943,1.16540412442654,1.10890783115274,0.471498093826146,1.15130615699724,1.30075681847578,1.11535519596706,2.38964023020086,1.50179685032651
2.32814800308482,3.17317231177418,1.78639782686629,3.68604250928769,2.85661340533743,1.81217445547998,0.00464695632576095,4.69699856254749,1.94992889858833,2.55253075252518
-0.0900291008256757,0.549916239911235,2.56563279656508,3.18333228281719,0.973007533210518,3.62885208309243,2.90600187880671,0.548279782160703,0.799679227576417,2.31837026313422
2.72686343390787,0.973824034442213,1.55563060461445,0.716235136858574,3.55363530264226,1.11227223291713,2.0439804864671,-0.12330252716343,0.501239604845338,-0.964554618610316
0.749534713490526,1.24088905544474,0.325862126145573,-0.184824526432376,1.99125376782526,1.91395465131312,-0.443395933457591,2.8040796599368,1.21965306783705,2.51535171064896
1.77654520080241,2.88055594329099,2.68135424840186,3.91268425421593,4.38194854109117,1.81220192967373,2.11983654354432,2.76658419081369,3.42846580908395,3.62850276018987
1.6838821247593,2.06857445594677,2.17077187385051,1.72473848779211,1.18989537419588,3.04511164014985,3.32165007019964,1.94147835601716,2.24546944232435,0.946601735915499
2.37108640731686,3.02729947920083,3.29242586191948,3.83536213248133,2.33113735847486,3.4666850291287,3.58433018107842,2.34316023123142,2.27330748166218,1.66372991137909
-0.123895309229894,-0.242723095169937,1.82877730458416,0.192806440234644,1.35006017157787,-1.42610216450008,0.141521274144154,-0.79598088121364,-0.0391715388359382,0.62267470979008
1.45902612974854,0.239531595049063,1.3699342532914,-0.790081893273332,-0.642669102634531,0.637447266165913,0.0116761431838307,2.17120306900114,-1.46230913306269,1.49162136134719
-0.284461356940313,-1.45212173985673,-0.00375384680337116,-1.05232521957023,-0.038982069940354,0.993259668918951,0.513769642328961,-1.15093884108443,0.0101354970181497,1.09870983059744
-0.528589975362424,0.338733073373881,0.669986129285586,0.66131113134875,-0.764220702822867,1.77057203283549,-0.558899689002098,0.170348020216716,0.0109999427620597,0.29343601284409
2.27429016545545,2.35019909438255,1.99957585974784,2.4528246005324,2.99490454475047,1.50137706383483,0.651029363995682,1.58119525373588,2.75252343437456,2.40513555198493
-0.396622777626967,0.678190512588323,-0.227229321443712,-1.01697652839175,0.691672184908269,-0.204763826661922,-0.116030295048844,2.24709473958636,-1.1523330098615,1.19307548172745
3.60519885889954,2.2032244727424,2.14739691119625,2.10340465961093,2.69080206078946,4.28790495507424,3.02367352639369,2.73668949709499,2.30548242668135,1.38371591509727
0.674734984197216,1.59996247157009,-0.0082482033796607,0.27931660875059,-2.34056543602336,1.16898608067306,0.370962468744953,0.885038846915535,2.06596415898159,1.22510759256602
1.40174629570871,2.51604625672266,1.68549627826989,0.916751990200795,0.886898893465244,1.45082288622754,2.54471871683839,-1.33692834651031,0.778040147422779,1.45915236731099
2.00545457318918,1.25219872416752,0.796941812610356,0.87445523136714,0.404909731453295,1.51311902470405,0.556961017615358,0.497312868496839,0.584396841369478,2.11804986018349
3.22537091364191,-0.0564566761392267,0.325539608113225,0.721652537436034,0.882485006434173,2.72757509270972,1.89237124544318,0.994674480648082,2.59837364074537,2.25911780641805
2.29982916462961,2.95802424683433,2.01710828414211,3.28100674329496,2.86031409363056,2.38784881687847,3.47822360566408,2.02417848227726,1.65630845159716,1.82826454327076
2.4540185359737,-0.601115598408135,-0.0642426558686839,-0.794465429530552,2.12966219455535,-0.612647475636692,-1.1720965543096,2.43862495369978,2.58605918480065,1.79666150964938
1.65546848989162,1.2438841918896,0.932651587252298,-0.821239975791135,2.56766137277024,-0.00444427621623279,0.834711000248367,-0.765211469511075,-0.507981983807166,0.836698912058479
3.23518512597845,1.62978534954203,1.3128953567335,0.652209157647282,2.3325237923006,2.18139080434788,2.34772550222728,2.96979774442789,1.96758475550232,1.49372754746988
-1.22439851242437,2.14157969744385,0.439945909529764,2.34750622939326,-0.170262530996723,1.10268847542205,0.741048415261245,0.795657720927237,1.96393656929997,0.9785146352286
2.54739645653984,1.15698082738346,2.86119898685426,1.93224882435035,1.63633841329473,0.808901519907058,2.98904959075842,2.07836037070645,1.27458309350857,3.44199751112807
2.05385964402094,1.04011866420032,0.212173697819345,0.469410792408767,1.02119015625021,0.828962263473606,0.569489679994277,1.64472529467453,0.577544021555205,1.48557812221772
2.53419714578167,2.63284876634382,2.81266985059758,3.43579278706345,2.35044099803864,2.47723719812904,2.63784673255953,3.30239861988906,4.73039923485871,2.27275730213243
2.49977404239751,4.32967863460392,3.1473141589867,2.0779863096626,2.40474718990179,3.74788264954132,1.97068484322614,1.19746674244802,1.47820887221127,1.47420002563345
2.72243530974051,1.5926422655881,2.70399593349246,1.52776625878251,1.42781236444065,1.39556724532145,1.72466736333378,2.23059083129725,2.44626526328487,4.00250250786785
0.988008805634075,3.51503770699707,4.56176911288823,3.01325972600965,0.762096374800851,3.09726702824643,1.49142171391393,0.29378636106971,2.03518225591979,2.07861012681814
1.77013268151335,0.605508450498079,2.11811844548632,3.53532257908541,2.38461845855689,1.14842754536919,3.54315458395451,3.42603531622902,0.783626132284976,1.79960068800516
4.01942031529687,2.28877259806727,1.31030817009759,1.60804654069354,3.42872925418483,2.58406009757692,1.06987927695012,1.01608516332096,1.23282015838175,2.10159516455101
3.7140512296306,2.57341872407377,0.629209056924759,0.108346001249921,1.27726006292783,1.12837767648151,0.186688356975141,0.260960669144415,2.37407082994759,-0.348101658916112
1.59933375577671,2.00558172574267,1.69121710316286,1.68616814587912,3.82411779956308,2.65773772599504,1.5834161531815,1.97317713702655,1.44773442495331,3.45928639768632
3.48603795528551,1.35787163685814,2.05771681553365,3.18725138837082,2.05145882405101,1.84648026369717,2.62635251223777,0.707269277124575,3.56848786452082,2.50433654657182
1.05792972377074,0.587023726178482,2.49669246647061,1.24115983082052,0.583278871309997,2.0498436084292,1.36262288517495,0.551910979837215,1.82548239953444,2.07815826240873
1.65507669021345,1.44020589093291,0.809909437274269,0.826930012145207,0.173056072441801,1.17540605947648,0.704451083995609,1.05435866278571,1.59344283839139,-0.0319188649664446
3.76572363871639,1.81292877377486,2.11422140670448,1.58062614533113,1.0025849521033,3.57300664903939,3.68013380166687,0.797692846655842,4.68618995464862,2.79610339198468
1.76422704569812,-0.333999821822763,0.943474226414806,0.342697062674956,0.308666006596381,1.41596891639277,0.0568231846503444,-0.898588672591615,0.607366742206016,1.18294931649132
2.50828164700649,2.40036463987252,1.39399541233145,0.327144905251119,0.726082727855046,-0.216296040868645,2.50484588406288,0.263670587488995,0.998067619154907,-1.75275172895541
0.982830287704412,-0.884035037346982,1.14117011044618,1.2261797757468,2.26547243317361,0.201011576808104,-1.42119567685741,-0.13698739367433,1.35619231082983,-0.365680996381866
1.78020973215997,2.51562308348293,0.626038887899781,0.881810222446884,0.376111150571964,0.982872412742593,0.753953221633788,-0.400427648819978,0.807150422514184,0.106307526226374
1.67545896064972,0.908328576968402,0.435784448950834,1.11793363214458,0.0717369134594236,1.51278188602504,0.678884175464501,1.90637839027761,-0.0208506651199336,0.742677840114491
-1.61483300420423,-1.32590860600619,0.0284304327611786,4.34164167028284,3.65942226701985,0.49462364731392,2.08677865583341,1.24913402533412,1.30666051855482,1.33410061504352
0.999642562411205,0.740741208220647,2.71074874696436,2.43486857667756,1.58615028488888,1.9540935164848,4.6132273473531,2.20138595377698,3.16690874928605,3.06694963076951
1.57136933641822,1.68668413818087,0.297041451393727,1.26649780333702,1.95318147076823,3.55407658680836,2.00511322072031,1.31598464183724,3.54942353607271,2.0151074876005
1.07605318214448,2.73235887973302,2.07712205254285,3.18740985608707,0.82371508802817,1.64398529705828,0.990723787478493,3.22988182585964,0.868722249000021,2.85411059906816
-0.116060514471824,-0.215425007450247,0.041780556223945,-1.19332963580495,-0.120922677981061,-0.216972613567595,1.03570765424014,-0.493043090311196,-0.423189308536554,-1.22363378960324
0.876414575439549,-0.333360784894004,-0.206341583128704,-0.225663093651019,-0.749561302329141,1.22393561725154,-0.205123186497118,-0.338241412400047,2.10582426626694,-0.267125376598852
-1.20940920144719,2.31044419850626,1.29613454474426,2.07914718803754,1.30912662100589,1.6376726442379,1.10948142433541,0.19154055603308,0.912794932636466,1.64288457790874
1.10003429981784,3.45690408026246,4.03107661471772,4.20029609643231,2.40287228715767,2.68915882579575,3.6140108480755,2.9810261791528,4.50553549814882,0.758653336757322
2.47439030678253,2.69733804670163,1.66387619673932,1.33677070994032,1.67516843092673,2.66724889046166,0.678775918481636,1.66346053117127,1.08077678164196,2.56454813959972
1.73062571979705,1.76300694683812,2.88269202855222,1.90507852692013,1.61697746575908,1.78975761472591,1.15936333894067,2.12146634598949,1.81708618261581,1.79812338920836
0.918619691282989,2.97394574990397,0.826021132542043,1.75713453177623,1.78301962249098,-0.439289765437332,1.13926515966494,-2.38434440302971,0.785837558485163,0.461628983869569
2.52248813453029,2.9875030772106,2.58991858369755,3.16785664663055,1.20548622596307,0.918315229216865,1.6829929756922,2.8415628472941,2.27715054863685,1.16716278153591
-0.064134559685308,1.90227376540733,0.724465395105491,1.01352159659834,0.505580567425729,1.59869044716513,-0.619569779709259,0.720559138471455,0.979386195681423,0.760626945958599
0.833989371731654,2.67627998603847,1.11955514655679,1.94690317478272,0.613120400558831,0.229874817353305,1.817780023151,0.547168161294914,1.16917348229082,1.68710606920535
0.312797160531743,-3.04137452762435,1.51983270567518,0.668323072652565,-0.818515509116755,0.596993611180229,-2.05445724342749,-0.935692978950533,0.939584276581349,1.12492702029799
0.827507076415409,0.226633673030622,0.358092383991641,0.684845407775773,0.0702141277475944,1.06728718569436,2.01163138352385,3.2596986327219,-1.13204061718709,0.0738304605895844
1.18615057686851,1.23629331503196,2.19689490036485,1.12029080231644,0.712467262543259,-0.178130738415714,2.02079609827882,-0.835466880575066,1.77693962460803,0.636433238723345
1.10018860345506,-0.671458568276383,1.87169004431694,1.68238934801095,-0.346063862600865,1.18676689704418,0.049993571649469,1.66417444158805,1.02774667572753,0.400715513430347
1.81276102263324,3.73145818207626,2.98551107628653,2.15558776295599,0.452411649805664,3.21294409678055,4.47649717858313,1.91937851336953,4.02616052841726,2.63439842976453
3.69946802306464,2.69196755646445,3.08827735050993,0.924079313567903,2.33799837391317,4.09410890991215,2.38717690878175,2.50315030604228,1.57880157551722,3.77087035798006
1.49886845686292,0.142600869178975,1.47377198532414,0.509144946068307,0.0282812308135532,-0.659293482262002,1.82616127349201,-1.01114606885826,1.38854142298529,1.02699417073042
2.93026077265032,0.93462882979629,0.946353812847501,0.703653656116688,2.39890295062279,1.91907164166051,1.67631677779469,2.36953719710776,2.60853087031907,2.77871500412426
-0.781087640907346,1.23193974546282,0.123876975980663,-0.249075781721005,2.18388852980075,0.654651175097195,2.77544000251476,1.34900066947562,-0.725715939626964,3.09427630393139
-0.1051775234969,1.94633022932622,-1.50319472504855,1.19188693304986,2.5955163173916,0.779812918198402,0.29112915056572,1.37580832874576,0.76097128530942,3.36175572229389
2.40440405131769,0.605667584547667,-0.0523831374059116,-0.492177274313136,2.66623386974735,1.65679347656046,0.928581085374959,1.02514730328509,2.86186773304715,0.26312689608829
2.16554058865671,2.44622636636467,0.68027823408754,2.00153482013709,3.41449823453269,2.13967555657216,2.35963883785805,1.00910176129687,2.91794924865273,4.05529874979672
-0.0543542243008501,-0.228578893693753,0.666551293965924,0.468921211830494,1.85508687939438,0.154960191842041,-0.721016934393293,0.290295542427524,1.07938766669815,0.384827668963783
1.30210219922342,0.363727091479955,1.02614782460701,2.91104932600753,0.568060280095834,0.275796925012145,1.8797987556622,0.890335799987623,2.0987317388403,0.177271263011021
-1.21255305729475,-0.788021854456857,-1.48546795468018,-1.06248224963754,-0.0748485236468422,0.853707648631732,0.41493713631009,1.67780909480999,0.419954377074098,-0.413730525361058
3.29627524706146,2.96664085472473,3.81738751935559,3.87292118246388,3.02389888324427,2.69651541694063,3.99882340439816,2.35863502979368,3.18806626232802,2.81178853997348
1.89887040413251,0.57480907849181,3.42479256859395,1.94285343979186,2.59107889424433,2.40181164388937,0.432286560576819,0.899184912334661,0.0362969196012832,3.01742379156886
1.76342687564777,3.87857576527409,2.73589871696115,4.06683482548263,2.22758010188676,4.3346704795513,3.3719288920198,3.47257269835487,1.79955123946453,2.77141198467882
-1.00957476177416,1.08353813833987,-1.65430107182399,1.04709853930164,0.705680824827404,1.2362740839287,0.46197658443625,-0.439483839572104,0.371850036817285,0.365664889899711
1.1693234721334,-0.105621238755901,0.886478827156557,-0.526519106735403,0.476705417796653,0.259802113700961,1.90120624193746,1.20402431523245,1.03880666131695,0.680986707426186
2.38092246195854,3.36079760036187,3.8995757492072,3.45926893615917,2.7176400403906,3.05399635485571,2.68435508027704,4.20011273460903,1.23559732789945,1.23855304063427
-0.337380364276461,0.992088581283449,2.0185051434087,2.36922513678974,1.10643618702027,1.76698108631048,0.43979195935451,2.13953398308583,1.48892282855966,0.469980370225955
1.30951047719668,-0.112169171542656,3.15064884594467,1.05094854031499,2.8057473360984,1.55224597175624,2.66444905706941,3.14453533415394,0.978427902504057,2.27144110246039
3.13054046540676,3.81663519725756,3.15671770275752,5.76424024144287,3.83385018421726,3.69728527146702,3.31124771350196,3.84032378406448,2.28496879663356,2.07088465360629
3.28423723609536,1.41123168588298,0.344992779832195,2.51772848133873,0.959243653509847,2.54957536427691,1.32400765349396,1.13780783888319,1.73067016639365,1.13573666161295
2.44667087792446,2.82102856055424,2.59952148692274,2.12075980092585,1.76302282670124,3.42488370806671,1.44969117903514,2.95878258857855,4.21789321925243,1.35387028302475
1.72511956958253,1.85351350078985,1.28585587718141,0.953598856162966,2.37947348748752,2.78234483366588,3.02385759225945,2.85765272232833,1.05428461842188,1.13601477151876
4.32168588068602,3.5719653151098,3.40398803391151,2.70909757320842,3.30289014947619,3.88821869825706,2.50746797149751,2.92062327762674,3.81782862469983,2.71691605344596
-0.812773565441647,-0.486251719407976,-1.70704785154359,1.22271016414859,-1.26648099021672,0.916051112806513,-0.510499553117501,0.348521732988687,-1.9652465855031,-1.0105372442484
2.23697736149437,2.45001673356432,1.81205533717845,-0.124624913745214,0.458216923880398,1.51823362054356,2.16517566663797,2.84713078029847,1.93892110270116,0.0656486190959278
-1.39986269429248,1.06637545426537,-0.113244298851723,-0.669185886025409,0.244848282672846,0.862635724618756,0.277073761537716,0.0974238275329755,-0.324167797018889,0.00619660008806954
2.85439736770934,0.985261648763049,2.77360254014947,1.09015224888444,1.06069727289247,2.83620510705695,2.63626962039929,2.93812773643632,1.65036969833825,2.01491260055937
-0.0282027117702022,2.1699187752034,2.64647703350274,1.64456148441559,0.992023716797537,2.24033845624448,2.97312609335739,2.38462942249043,2.07508239189997,0.505832168017008
3.7696871930016,2.0468005811478,5.00025768036768,2.37096708453911,2.22566625417524,3.18473016297143,2.73947643301118,2.70797362226433,4.05338063165762,4.48860706579091
0.363550908738963,-0.0784276476537113,1.67736692430132,-0.296848378297197,-1.12939264956988,1.55534438639558,0.821846666951694,1.01357409217912,-0.31763605943245,0.909540562279758
-0.0709303946917403,1.55727888675638,1.68963561002467,0.783287149924664,2.39738372819517,2.73685658398659,1.94628853248961,2.87841781995105,1.08508023299394,2.69430620808584
3.10011383151933,5.07730263125439,0.876608476791692,2.64253048053999,2.78151632888834,2.26336035441361,2.34011265542254,2.06491781908393,2.15244249564852,1.43701787944705
2.28966143568416,3.2581174073254,4.04671045078553,3.65621056058675,3.09049981331716,3.47284145967961,3.56796831782502,0.683926275086731,3.61499918155868,2.14342138903702
-0.183935745629049,-0.0594549235164984,1.07694232331384,0.952822739428642,-0.925743202019247,-0.170013747426863,-0.241358716907929,-0.41277809107658,-0.276698971338254,-0.512530516409067
2.18465680463761,2.87913947324365,0.998986354901902,3.29758133318891,3.08533855319712,4.14795234582106,2.64503490161987,2.73434685662187,2.65036756213505,2.56813038085545
1.88253431928523,1.42323144409168,1.21598172639951,1.7448878181509,2.52724875483127,1.35818361866009,-0.153990750626112,0.6346885491719,0.867300407546502,3.04036691787713
0.793499064704076,0.598378031204789,0.161818093059967,0.757892925952202,4.00693097780252,2.50297837243223,2.68284699773149,3.31654576791329,1.40491250054742,2.3202304316492
3.11776274161426,1.99069559476036,0.33865418199683,1.6029491657111,1.77398843877631,0.550232469394896,4.1685307444059,1.58637367999569,0.646379594538111,0.898882406425902
0.677486573868407,0.655773395856404,-0.302409136364194,-1.46887216466578,1.01685895062378,0.359001385233764,1.34967927857405,-1.80886398599469,-0.0751669099681004,-0.077080337453508
2.81680997752594,0.971653218591287,0.935094291786067,2.14147420724281,2.39512320903545,2.61998987591166,0.638354960308195,-0.283474142354171,2.08828582364112,2.56139909137491
1.48675128806991,1.43122021099194,2.08756972360121,1.99534738896359,1.17243089101198,2.74390701709651,2.47825307158838,1.69131070881464,2.07791152012097,2.22131742011049
3.42087127825876,3.05598085798222,4.73251642088881,2.45159610038275,2.53368867966245,2.41262150610007,3.73224535175431,4.10813794122526,2.29509154563373,3.0334915529634
0.204484580265723,0.0926886489949036,-0.0964645154139674,0.733860235163851,-0.357108224063955,1.02592849806752,1.87860344008153,-1.01293656758322,-0.950001307035786,-0.266426337427183
1.80392503101885,2.52177407029912,0.0491141966746678,0.828859015576961,0.186829696184283,0.854345248122107,0.8032532975117,0.814330868250806,2.91790742503971,0.50378672940115
1.63283634639984,2.76074688512626,3.5950586599979,2.00511753568935,3.87030003441746,2.23674971362329,3.96259987476469,4.67999993206818,3.65801556733387,3.64117357818065
1.31780674580976,1.75815874627379,2.00398111534468,1.44174151522201,1.72828741940683,1.25772615174692,0.39673136763702,0.0361696298266541,2.33411603561765,2.22903728778616
0.309186652673846,2.11541636855326,-0.185775929024112,-0.525150351631171,0.636550544683014,-0.236571265252101,0.489974618820875,0.505681716633217,1.03641574913356,2.10864525880859
0.840474057608789,-0.22204186454999,1.54703196137175,1.4840570871477,0.754214136251096,3.35071821568101,2.47085065957256,0.203115954274791,1.89570765836423,1.77144337051476
1.45718473445174,2.70005379140338,0.224568201591151,0.949391066817299,0.589507419099967,3.36451153265948,0.936575405437825,1.63630380400045,0.551811196268533,4.12003928152435
0.789166109208436,2.9040408175954,0.544816349489581,1.84976563687043,-0.672465779769634,2.79646354915269,3.14362023841664,1.86072997911953,3.15933489100347,1.74298442234258
0.510102109568836,3.12732436723958,1.93034331799819,2.30411479402802,3.35006201661144,2.91405758929105,3.56575472123287,2.25141179310727,2.68289695025046,2.12950205865478
3.95059795707064,1.96435257291748,3.22125311616978,3.14682360100626,2.73996349399855,2.07971654304051,2.20394991148019,3.43321532152451,4.14591642288826,2.91186749234062
1.3333609697156,1.81548096088331,-1.45705781276863,0.732081427824733,1.5008524334318,-1.05216716863563,1.32802573345306,2.03736475247602,1.11600722566879,1.64013101018741
-0.38986782045682,-0.141358594027198,-0.304159125528587,0.891277809289142,0.680205051104585,1.2226007087944,0.484884994563789,0.370952735883848,0.683373941939933,-0.0209425235365885
0.747110822371332,1.65104042783704,2.10231734462269,2.69135042807205,1.0809021418892,3.61393567399178,-0.747789034330117,2.80214994176551,2.714993852572,1.73376435566658
1.77361444576325,1.38183429510298,1.21173633728634,2.61389015022074,2.70133762731695,0.909128152909017,1.01015075624632,2.67343309577771,-0.453302861891721,1.71290633088355
2.97662279989579,4.18378708937312,4.0307901105322,1.68782157534613,3.52251421352538,2.5524994320302,4.62901689520865,1.27578942210934,3.33667424997642,5.26039737663339
-1.4162861694001,-0.230946417450146,0.944507228982334,-0.0659835843150927,1.56153004663324,3.60186790026739,1.71492685093992,0.771718571229957,2.90013083346497,2.55044473993551
-1.71253049970558,0.499837756029914,-0.980816794044864,-0.188948640955038,0.480460938567521,1.60070065401843,1.03032194481483,-0.0340858610367742,1.09036192788004,-0.255741299776659
2.2796316147875,3.06177934563489,3.40474248018253,1.18304456799732,0.87571115829089,1.9581438719757,1.44383760396707,2.41088373292835,1.81259983500329,1.32613581730373
1.53146540832928,2.52549864615568,2.42191114333883,4.07232480408515,1.97549989441843,2.61217061721089,1.57633823083487,3.62174830881075,1.91705809791043,3.69916543658916
1.30470836055082,0.693398758771401,2.53865987775085,0.640138138530537,1.97330381699857,2.43334795717782,1.11736424645247,1.14805124680981,0.147600727885098,0.486555543743383
1.81194474525479,3.28194584578633,2.30957601406146,2.35295746162001,2.51414638571018,2.59984437120633,1.60017154546389,2.23997631643116,3.13414145756534,1.03804369410956
0.704375683056165,1.99774587392063,0.0398209051044016,0.609349136231519,1.74403931800182,0.817724839923838,0.325117672199636,-0.699288968631105,1.14198025321241,0.423567179219869
1.52665045047772,2.86494339831727,2.35186964589278,2.16983193227223,2.21896173535655,2.48857038673465,1.65092010292093,4.96936652046771,2.00612716932719,3.29166902196119
0.749592741066106,0.760519811501715,1.21999864556295,1.01863131849233,-1.40841692492962,-0.168321366649266,0.429974289876283,1.29540883139937,1.91638108752589,1.42722078463267
1.23650538440688,1.07527959087581,0.551754826211902,1.56282940177476,1.37110182511628,2.6158968974264,1.04584034879239,0.656684620335864,2.06462605444152,0.962304969005326
-1.09247810765934,-0.592742936275396,-0.0923882568528233,1.07048232127686,0.0291015689919749,-1.19440373794608,-1.23691303547947,0.205179774014527,1.20071999074327,-0.642716967995264
2.60188032958853,1.88812788823168,3.74535045042609,2.34478591412376,3.89203314254249,3.41713390847375,3.17866569629917,3.14883135430882,1.44460854090313,3.63348490440949
1.6675517539884,2.77869587064494,1.89592699812698,2.59712993949794,0.986982873847813,1.34345512967712,0.927879345732112,2.11318559722103,1.41830210997371,2.99121729322519
1.853157548324,1.79807106862312,2.7555588344537,0.0206356411687627,1.18475274295589,0.878413159904856,1.13899837436068,2.4218560132498,0.308720318925352,1.53070940557648
1.75617987011914,1.41047321766705,2.00292472141827,3.75392451125713,2.01269365782422,2.20988524590428,1.73631145540467,1.53398877283196,3.75188304249324,2.05424711819615
0.890778288090666,1.54979171358733,0.247116224323975,-0.0898499105503436,0.826005066616946,1.25618216796197,1.05276299299398,0.184997199730695,-0.50370555016644,2.32757859493112
-0.400665478653387,-1.82564280252855,1.59242492568729,0.381729092184685,0.37519673140191,-0.726583353282463,-0.138277071959647,0.42028332965567,0.645771964786621,0.759755923377377
2.60035396579853,1.71820152029054,1.50004997816001,1.26094641641123,1.37584263226501,0.726126923824816,-0.583701626970657,0.0708115708637161,0.765340440383158,0.793069440761667
1.2734889448944,0.928712199136811,2.83347700145414,1.47797951384273,0.257095539138566,2.62677664719377,-0.0121566627073182,-0.591254747371909,-0.671167897841914,1.6283855821646
2.28143298036058,3.39697104549178,2.84735163945733,2.52717870302379,1.603520814152,2.16029861654083,2.15054750446171,-1.00292991560495,1.99360654713132,1.37267534156087
2.71585456391088,3.00892607424299,0.758589997458693,2.32561699394829,1.52202495289466,2.23861631072244,1.84023272104495,1.9097825756297,2.9352701036874,2.01613322618692
3.25714234359618,3.47869098929432,4.77624496260133,1.72614123663134,3.29567186447461,3.15841835398177,3.02970018081192,4.20816997170516,3.57881279414685,2.78780357350814
1.45431580592773,3.22314423828538,-0.334405394811603,3.3857711042276,4.20313260851586,1.76808510663569,1.77064831628947,1.90327345422297,1.2827494172808,1.75705708383483
-1.62412627850679,1.6116854097421,0.672558688048148,1.2960622527759,3.80042980468093,1.01202018653867,-0.994120587101617,1.17161271213989,2.24697020600352,0.719284845256135
1.99763550998952,3.04439194669189,4.89048659704008,3.34649139231174,1.05866632680779,2.80493216545583,2.87419506242647,3.19462627234952,0.965412880325065,4.06128064731241
0.946986069855279,1.18263978033792,0.64632717590527,1.10195114306095,1.03868555803449,0.0624157024632463,0.811674513311086,0.802623320923986,2.47671070078892,1.43400497049982
-0.56869340388931,3.08347667742035,0.764970570908354,1.74779697605528,0.858112619449546,2.81723410958813,-0.610429557331297,1.49104730328578,1.43226100282945,1.68516954715456
2.18072822470678,0.696157524970455,2.18288994900798,0.180956769161488,-0.180592285860902,1.7523577239641,1.26113652202957,0.112312380408989,1.62174467119717,0.0820274083725936
0.800536965361325,0.302062966769909,-0.749187742411077,-0.825292137960499,-0.748640467232981,1.11955000258438,-1.28456973602927,-0.113670514530511,-0.277311349302507,-0.0526955489737125
0.888540491794771,-0.35134403286014,2.08514408492672,3.05680906019002,-0.0506798209858403,3.17672456877478,-0.0841656690997257,0.620309957981406,2.73001535665539,0.000244526382647159
2.61446417853691,0.904211198428641,0.716601240628338,0.850956548527555,2.88714357729479,1.06698652144715,3.16642253436935,3.1018398034996,3.89486031538512,2.68912915556311
1.32902035513673,-1.14007875852198,0.925612631185024,2.21693024382576,0.502761874442541,0.240781016890097,0.995717005608428,2.7296708501766,1.03350454337822,1.19735660173502
4.05780806108287,0.841131554125751,2.00540678228253,1.56599035294007,4.090222862126,2.38536254307632,3.36306740031914,3.11789871691765,-1.0645740654837,1.65897264222947
0.615451993593394,3.88500122080953,1.99398067084753,2.61686786403689,1.83529099936015,0.511497759743085,2.85734435753448,-0.0799353951033555,3.00959857244894,0.0341514061528554
1.568980429596,2.8793897123997,0.338297738555137,1.72580780925602,1.60031875088172,1.74747014667692,1.52787481254668,1.56794553137742,0.797115084935706,2.74222667139787
1.52094850479601,2.64450728278948,1.8699038964386,3.78768929345001,0.923019980193297,2.73715729396579,1.93503338787648,2.50597077512423,2.45407668562877,3.15431709131888
0.116687553275363,1.18258753637506,0.970372684668026,0.577300731709222,1.73936364340021,0.411124124079892,-0.0246794513692329,-0.548931719417219,-0.356948513816373,0.850946348221598
2.96522929760279,2.26757631788769,0.882574933854272,3.13523159834067,1.15872758361869,3.16933755551124,1.40881490534661,2.92375492659754,1.72027896464627,3.6993608733085
0.309149573153834,0.591306869441782,-0.898780123468237,-0.09300562523155,-0.163034936763947,0.798101259691305,0.223434149365919,0.361663361687373,-1.044970817191,0.902428499885525
2.19382791372295,2.41876635762526,2.74250191890482,3.85651928341114,1.57938614727185,2.38048210795058,2.84319809543279,2.18985404135264,2.15208902944466,1.93746746216961
0.464136728724587,0.982899373635275,1.29392884631499,2.27082025304702,0.484110526760045,1.58122349336986,0.795538237887089,0.999795507875666,-0.0488914146501425,1.25894379098814
1.8875261126428,1.29877945745902,-0.237938170423448,0.591238164078578,-0.0911700407841294,1.47140385043429,0.763034990213437,2.02885401278766,1.79271093575768,1.82754536374548
0.559487852422741,0.144067304910806,0.480495656397894,1.5348815101395,2.97737076302349,1.64716373500054,1.71710587110088,0.832101357347141,3.47747865373513,0.453360956910518
3.09129850655993,2.72665935259253,1.68116239102376,2.19844834146391,2.60366813108656,1.34070567719436,1.38304923428202,2.34043057395638,3.10981032742078,2.5886017946086
3.81568885828013,1.31048570259169,2.48934126430097,4.0293794302585,4.69682150976971,3.99015138272454,3.14567596752236,2.60350617631101,2.09341904974054,3.2331477516125
0.975576046879893,0.33570980604422,2.6426611781926,1.0238831693241,1.96812042603864,1.66973629067375,2.0655317422505,1.84087594323482,1.6824044426253,0.98387030292617
2.0535422612341,1.89185208155835,1.7907897795159,1.76305929328913,1.23366328267744,1.69224407970474,1.79445095247494,0.682628247201808,0.864768478493378,0.498620559624466
1.94441008765989,1.71028401122009,1.37626258165437,1.04552030744835,2.40616056928802,1.49469798339773,1.938177573053,0.805215465916673,1.11231921901002,1.35225000587081
4.02860299214826,1.81094517020594,2.96710290142215,0.914098080673525,1.0569970842585,2.50966522129025,4.22433021997875,0.640654430926416,1.8240351530589,2.40313834186997
-0.149870255422946,-0.870513775746669,-0.76350912144507,1.08180540162698,1.31127852733622,-0.938938898186019,-0.692190532946727,1.05804938030019,0.832293627105133,-0.266011166471564
-0.645664521559822,-1.41115169005629,0.0467056258028033,0.92860878038765,1.03390013829953,0.247544753086738,1.62097529281944,0.305575146226623,-1.07615001836672,-1.44191191406482
0.957697681913744,1.31833620163068,3.1794834642012,3.36411091847444,3.17732067284039,3.11315335064007,3.98963612256389,1.88722331796632,1.51072677462312,0.863455238864166
0.276485279454541,0.225275985850494,-0.727481153114004,2.31471676615623,0.734735798993041,2.76548135196778,2.29326142463605,2.76468571169254,1.39920448962995,1.5685919501305
1.43216679164948,1.15421239663533,1.59981473473282,1.65921630309441,3.66207893332343,3.66910265432032,2.67778199969018,5.3635981327456,2.19385607157634,1.45691229399105
1.58920798037581,2.98221405163649,-0.102624459489514,1.70965104369758,2.2012286121451,2.70512587863742,-0.373027693317852,-0.583155818800157,2.18653619082296,1.64591011759481
-0.386314437691615,0.163713374627457,-0.639599294760713,2.29556217905627,2.3134583480699,3.43746430397002,1.43517982330324,1.1671270787022,1.12947147744624,0.956622723797455
1.70164304611986,2.24582937320289,2.84740541042183,3.30791932655919,0.447436319208516,2.71218992267311,2.84606972017019,1.5404108183857,2.89241838954536,2.81558556664326
1.96383985999282,1.02316391339856,1.40426033823619,1.52998651437145,1.05405225341967,1.70670391585028,1.577438137348,2.24412980788901,1.88388909590567,1.42285388924807
0.995322482721071,1.57973641524925,1.10182176507103,0.390892460800997,0.406288540878948,1.07796789138997,0.675792172980937,1.11913792626219,1.11212482785395,0.786109944458716
2.32816976113747,0.131292122471779,0.717395443873753,1.22674140124931,0.983199012236108,1.13416107451302,0.422154400323581,1.47719637553482,0.789044065473914,-1.10233805354865
3.12618577616407,3.33297691377964,2.067720546901,1.93868823978755,0.961391790579107,3.61762547791623,3.893373062838,2.76860939518628,2.84289982962529,4.37203564350582
0.775239677771826,1.14850167852,1.1071534820605,1.50850774977626,-0.111116607799333,1.94357262421578,1.28182518757456,1.31348679044851,0.512391150713023,1.29773604211634
1.15047420685631,0.223240500616918,0.273589564648034,0.354355682092951,0.321042316263275,1.70938519600074,1.37080526438693,1.88196900341035,1.68859108172782,1.55391542169496
0.900481506512038,0.229618109718167,-0.670053568001863,0.523521373671044,0.801894742066787,1.27030460084395,1.56800054766561,0.140379537017213,1.23089868608073,1.34747008151225
2.06496046852543,2.57897263119265,2.59627378792306,2.85509131152323,3.82941899603127,2.15092770772089,2.36027869685366,3.6246439434207,2.02449659712655,3.51918482181705
-1.00217969445665,-0.0818279628643779,-0.131903440398748,0.953318975653302,-0.294779147169961,0.579980447598116,-0.0892867859216893,1.72564868809357,1.50005299747034,0.157333802415365
2.06542127343587,4.49672588953894,3.66909093311965,2.15073079395733,2.9361870162572,3.01443789594693,4.15268705806192,1.45686621042478,2.95917881165637,2.61796717906872
-0.603561083348645,2.09124882794338,1.06325553455878,2.07356107731518,0.830300032404476,-0.787327429999915,-0.22404161981042,1.47445163494765,-0.458646606893582,1.94778883725832
1.83354074406964,2.58030701449636,3.71029885538607,3.00047612051854,3.79752307944904,4.04625353309609,2.96611183555173,4.45337752998052,3.02760651948009,2.75168235771224
3.46360018129925,3.30037095307173,4.4899169625368,1.99505278464501,3.06689966187774,3.42368416571074,3.80561720312655,3.54661902988724,2.31428369852229,1.96960547477301
0.014224162645331,2.51318870056942,2.19793740079438,1.44915064232649,3.13464466867946,0.895362473421484,1.10253907423182,2.44071281545013,2.22524597533266,2.71523611050653
-0.264474022961348,0.432309495571432,-0.752400517041176,0.756052641080908,-1.23752065687049,0.696390489471892,-0.0165326268452756,-0.206576159412729,-1.52234089456803,-1.14396273454881
1.62489782290888,-0.83422903606166,0.676590442502982,0.204651888925194,0.93710101227073,-1.50043030062393,-0.375634219499149,-0.085679251130535,-1.33004365011269,0.294287342727133
0.49051752930354,0.510337428534962,2.12534426782601,2.99515513284271,2.26517035301502,2.00756616133736,2.03668609219982,1.54182707015808,0.0389794304705777,1.44916314096627
0.451965106271406,0.308604555990685,0.787673149409112,0.770783916716413,2.16203281802876,0.206098845363731,0.132349697246569,2.04525287501409,1.60460632364191,0.484489328580904
3.32916623243323,1.46646256746483,1.00544980444245,0.0584875656646555,1.52222630446912,1.76214475274046,4.53506747923614,1.1389096134136,2.56479318354608,0.588609986196551
4.25030833487633,0.0169021975155024,3.35217920807252,1.97435376350137,2.0656643686459,2.24881800679272,2.30665016259957,1.71269287452721,3.30510159305448,1.89911063926105
2.63450073730473,-0.986226739240762,1.02151375232024,0.985564856302629,0.277788734493196,1.32055227018861,2.35169371492714,1.82166452234245,1.53487369509068,0.633760945301208
3.97686788050347,3.07693146035102,2.98106740375461,2.85811477519544,1.94399681867935,2.3849757587621,1.41069800472204,1.35170449059513,2.26267911468239,2.20647589050983
1.17654207177382,1.52598294418309,2.8134353179785,2.22801853052216,3.5305824169744,1.08632985060458,2.30358284139518,2.27182993585405,1.66482046560926,-0.0148126156855035
1.09032308718659,0.234000820913199,0.385193583215498,1.08484458159022,1.06781372796282,-0.725210045571219,0.046956764853042,2.63360763651994,1.30101758543734,0.63266620568942
2.46810248308736,2.47339310974468,1.13029290992471,1.29985989615113,1.87924734194564,1.99937504122322,2.07376518918731,1.42359671550339,1.29347957856339,1.61859702495983
1.85573255054367,1.32045242061651,2.6745442752508,1.96703714736729,0.255717959167052,-1.09546680931317,-0.336908343090404,2.36941647047792,0.566686032254571,-0.0571875498629582
2.35571803148049,1.73423355525694,1.63296460588583,1.90621291460323,2.49549040043775,2.49270515610948,2.26096165445251,1.36092211406538,3.22723841011859,1.62751765514921
0.629707665913795,2.40917332079807,2.5633882474974,3.50063278990888,0.422711130053688,1.34549252413855,1.66262905530865,3.24576395951424,2.12949187835174,0.689434309605077
3.12381577769453,3.40095656957436,0.777497816115287,0.350287524746173,3.85478100061565,2.35610663408138,3.17920480655747,2.99047989694651,0.945416183646903,0.32487175749187
-0.83618844520614,1.32077293311307,2.39117138914713,0.572697875263768,0.557169283476148,2.57511743276489,1.6365154778432,-0.625915926109152,2.16595746632591,1.59204843823753
3.19165141844387,1.47217790412682,3.98615301558691,1.51176373663432,2.61754933006612,1.41090094537895,2.23824417804972,2.60060280839684,2.69797923584909,4.18182770532599
1.93063862327451,0.87265750141139,-0.780035749286569,0.238343023282665,1.90985055958217,1.52924598190956,1.28557674194183,1.35729942952482,1.16452134142334,0.772359868173731
1.68056313393657,1.62712139545736,0.606868803282559,1.98275697191953,2.15062259225867,3.76522834479344,2.49116082459859,2.44934594216505,2.96643130761842,1.1542420170599
0.150721395984321,1.74788558015725,0.0164282009098465,1.22993912258053,1.576992145872,2.47776355016726,1.80547253452276,0.514242709031915,0.802036357635269,1.91071586298246
2.16609845837943,0.44394603849293,2.22235264568195,3.4913055646818,1.3797578073169,1.50828621757727,0.997625552619281,1.17490004007937,2.64659977624417,1.63724209256212
3.20871780871782,3.03151580358046,1.5914455192763,3.04567017158903,2.40509431038452,1.37178528540985,3.57932771194555,1.26440414261025,3.05712642056974,2.4056871019499
2.13471610582021,1.95759578272003,2.78473998362872,1.91335295879376,0.00379266787117727,1.79198389536395,1.22954907129358,0.940213249114055,1.90700581117604,2.30805228997047
0.314748584901921,1.29041153020054,0.347534028834719,1.2285872944457,0.482360290643185,0.870167819611906,1.26209883651193,3.02047071245925,0.348729028697698,0.566739973196639
3.96173546175802,4.04119456987645,2.96005911542292,4.55436835716906,2.67162249515482,1.92339828702283,2.03524583945175,3.39703187940371,3.79184564764501,3.26345125698124
-0.830170966535438,1.67796892612236,1.37333627210002,2.65415832221112,1.24276042736068,0.92980922280654,1.21967306007619,-0.222302100183447,1.76002338141762,1.43146158674627
2.15061960347813,1.04975875876956,1.08879519764083,2.10229776430737,3.0706842029028,3.53894625862922,0.421571446247957,1.61715068700281,2.88565966912237,2.33300087948413
1.52106774696125,2.06948510115671,0.386544504365854,2.45394126700619,1.47617505409649,2.43508626236469,2.11491281744667,2.40750347524781,3.54784974647683,1.15380287278789
3.16226503040444,1.35490788148518,0.950831085451642,-0.887429524645468,0.875108351196548,1.93457197178374,2.50222867221,1.47285500459124,2.71257089076675,3.10621528433737
1.62874279874609,0.90847752271575,3.38916488396633,-0.149728767274945,1.1755696943567,1.41798930781646,1.49254238939084,-1.32327563689674,-0.612145428143844,0.762240556248682
0.90716726917464,2.19333526724488,3.01381877418626,3.47505500991175,0.731638422017956,1.62383336002018,0.59798020707219,3.34100536971413,2.51892744789184,2.15232052925443
2.46118525017133,2.89850747274191,4.24001885740199,2.8100610917365,3.66818987083725,2.60420701736134,1.4970888674318,2.1817172662757,3.18005087995707,2.57598667755947
2.13537124644218,2.01984275459374,0.171422415825949,0.340529519339971,1.89768625944719,1.2842376171534,1.65811338008964,-0.743266216486725,0.892288353639617,1.50185671719051
1.92297090957059,0.970276651129026,-0.695219230116643,0.802542563984216,3.63309021999041,0.831567572540759,2.67792248698886,0.67725546428436,1.91838611117256,1.15087474197379
1.93945729735461,1.84646272390701,2.89688796630707,1.98654697671164,-0.438075338282431,1.75114083782989,-0.568628288522806,0.222900575095144,0.769568386106129,-0.0788472948354828
1.85916200967053,1.07059736711408,0.417592713550357,2.06683037077435,-0.114950023110837,0.117273965976408,0.47914939253126,0.498558210356718,1.80009273782482,2.16722859923379
2.28312781845605,2.01687409881998,3.17324867873605,2.69617107362211,1.21066859658615,2.94074652897504,3.31920092009883,2.85183717581951,3.13002604042062,1.52735135705821
2.11263056750356,3.78146089659233,3.0161744470881,0.194398556366328,2.06795007839882,1.78541775518271,2.24725053867834,0.401344897895501,0.63368095411449,1.6555122393399
0.773226905637958,0.339243691955011,1.38410255456565,-0.793046520967788,-0.0554337360555468,1.23578495550219,0.672358980720488,0.622315621410264,-0.0959067917891447,2.567348031608
3.01719908460614,2.72506431626063,0.0948124555250642,2.23049121500346,1.19515555624261,0.565789298701593,-0.11734763875465,1.42311355815197,1.64726176251069,2.92750542379195
0.808933218283012,1.19005469168839,-1.09569482757817,0.0435956597154342,-0.212812422346823,0.166867949038489,0.30705927344059,0.110502068646345,-1.45610360335686,-0.151461130122752
1.25941126326608,0.912977220170232,1.33899936681289,3.12851159987301,0.852227456410431,3.75678253964227,1.18324781217617,1.88867683861716,0.982615219065469,1.46998040192208
0.922088961354719,0.997962519421989,4.43725290247724,3.12393852192992,1.98756322168345,1.22552021820776,1.65739857532054,2.73761246681793,3.30797245289151,2.53824588163831
1.61969996082173,2.1156296922949,2.13713583825785,1.08401409101893,0.0769573848510872,-0.581362467580871,1.99216884135873,2.18116930287588,2.94986455719141,1.32714890626045
3.27325231227025,0.61188161143629,-0.197276303843741,0.875207991461953,1.03817757717227,0.534619277379917,2.86528782431099,1.31079077225717,-0.0098752068665251,0.655274418727271
1.679861921186,0.346413447944406,1.47025958715266,0.759804457706749,0.765671249974981,-0.195031756630486,1.376127353814,0.998860225495313,1.40620816260742,-0.624686263323312
0.619391107070694,-1.54748739399233,-1.19979509746432,-1.09993155942908,-0.22857631931242,-0.532800642334337,1.3442010058109,0.328181914553134,-0.634554165943038,-1.36399042300489
0.609456708071314,0.0435697728119968,0.999839781438099,0.704536338119746,-0.410095596050637,1.69624126243985,0.442288971649312,-0.855151514872125,0.89007613542724,0.820374606152844
1.68923159222058,1.57173108840474,1.51340239660581,1.78503117560885,3.38656813910696,2.61312885533182,2.53190761239543,2.71225361324305,4.73234385167995,2.87929305042832
2.85016546278031,3.62628455706709,2.28949137251156,3.00019581936071,0.684063252114925,3.33294750737726,2.20809624859764,0.687370016535801,1.71173967489891,2.36982162495099
1.51950952387487,2.07199009941007,0.867497366106852,2.37928567449135,-0.412579240545784,0.022083668560068,1.24267199719009,1.25612330683911,-0.248568887177408,-1.47050456779197
2.07797573036945,3.2446547148752,2.59570363048363,0.883888540986626,2.07734396066102,5.40087879620275,1.54105169694037,3.36950787394247,1.59551725668835,1.88962451905724
2.28158711248557,4.45041808398635,3.4189622791516,2.41844529790898,2.64417631243901,3.345103744692,2.7064097488802,3.17725221010358,2.44454091416115,2.05287999283154
1.46277042769756,0.739258741037148,2.22968320939054,2.89752041212025,3.06021016367086,0.838076812019058,2.30209383646111,0.707411316228849,3.50175302440492,-0.0713140800917444
2.35434720398856,3.43414494321038,2.69610437861155,2.23176753658676,3.14277963131843,3.90962644927162,2.49505434004066,3.68141362885246,2.13712400494634,2.64925340994975
2.40755176314138,1.02732877719301,1.25653020324169,-0.131243226593237,1.37531545187216,1.39629244629153,2.11044010438438,1.93206204725642,-0.297310517161534,0.936956520594063
0.709093815431992,2.03018197214613,-0.644031933768832,2.5413468779795,2.27029760835558,4.00846997471421,1.78874080036239,2.01023775444636,2.52001534765045,1.26667046447923
2.838210787884,3.25888056988947,2.76705965360481,3.28857484735626,1.1917154597935,2.06025501536817,3.71174912612355,2.58056541917091,4.19733344974323,2.07148253451333
0.988351703493473,2.15124856020614,2.3196476019968,2.1957998742293,2.93051596574311,1.06527701549701,0.0127392713808698,1.48328772623126,2.44675662124107,0.776740220101571
1.53219276193328,3.62179162967162,1.04709677291131,3.80801208744199,0.0786104017144429,1.00010775727427,0.296733639399258,1.19764042520814,2.99252637081029,0.0679396782023374
0.782752397791073,0.796370897016912,-0.839677667158958,-1.60674097322217,0.0411673267592604,-0.30797586666572,-0.6059216159328,1.56994049704881,0.259255919991891,-0.440264487775693
0.412891288334386,0.11446097556918,2.51995285030379,1.95622086173452,2.27663640136661,2.54722515480953,1.62453933031097,2.3619770125247,1.85946253207296,1.64971636011994
1.3023392104594,-0.801806887309307,-0.680079080449794,2.23779448419298,-0.298889387846793,-1.88492453522057,0.207201602910017,1.08300835761771,-0.560551760062047,-1.48209936769056
2.12547222449499,2.06216277645885,2.13181160779038,1.32484214419116,2.92857205900526,2.40060659337198,2.66603279486067,3.11354154198328,-0.16199859042628,0.719153933932025
-0.116761346190069,1.87670578808114,0.849398392289425,1.27728282553121,0.958504684065661,1.6932343648959,0.659817108008823,1.86962807951003,3.5756296750306,-0.148503891684306
-0.461839246985771,0.735534222670102,1.27601201923598,1.45158918036116,-0.210752090222743,1.911712746855,1.45545677576158,1.71707698269195,3.26674055189713,-1.15111901735583
2.18773648138541,2.61916760051759,-0.682087515154938,2.23328386244035,1.72211850621561,2.37406900345513,3.05530656215507,-0.109242290550284,1.41724509537934,1.96101209031024
1.81102822490109,2.14752396267076,2.7611477910695,1.28769436129855,2.48701712948737,3.60077658509946,2.0079280557973,1.11470843884533,2.60479235545752,3.86525242920496
2.51999246342649,1.39022357993687,0.438252308870153,-0.774225465029967,-0.0778872350911917,-0.374889727471879,0.484100915279719,2.92905818599687,0.844748074468836,1.56390862753638
0.487481973710939,0.880050849924662,1.60062419666365,-1.76968826691957,1.37854682854092,-0.328775161203408,1.95121354692732,1.03056361330885,0.142549973648082,1.16191196488472
0.899313816669838,1.48045657023295,0.271937900018385,1.67626627496217,-0.367922200607504,0.229721112475241,2.05451961795469,1.99287165445518,0.881981714565813,1.33478352397593
1.87140362535628,2.69084028821879,2.96183218331617,3.48718530852204,1.97506451409948,3.27037973295787,1.9631226708462,1.18091766796549,2.27034361505017,2.15643528176035
0.846067304661802,2.13399728114864,2.32614729129652,2.1152210771334,1.71064340388206,3.27355322103742,1.1752025582199,3.78985125274143,3.50499859830501,1.63486263807174
3.83943874401072,-0.0941047366087799,1.44036733584493,1.73606497376549,2.05732768806693,1.72640952759133,1.94989899088518,0.744340410384386,-1.04954315989396,-0.337186490227161
0.896842184595557,0.822169130067081,3.93799575319303,1.39575298976027,2.51171226803133,1.64045593820796,0.807062518986986,0.822361919068583,1.43731135823922,2.23708994802219
-0.108857226551952,0.181852836209573,0.343379531910593,0.782748461773461,1.82891469819823,1.44485508916355,1.71872975683722,0.400051368834993,0.0996816063759941,-0.279944614315334
-0.752891455175693,0.0837669960502191,2.01282833976728,2.38246443100771,2.78822901435969,0.655503788618504,-0.0582811326442183,0.0707622726827959,-0.165758684910679,0.273907740549076
1.87243685305204,1.44030553000782,0.969518451616599,3.51716278679897,2.99336700776387,2.10905332889037,2.8001778493077,3.68959810099972,1.8192233056806,2.66682196700394
2.31695080040848,2.36437616216581,1.11511446690214,1.90062900143401,2.85638189908465,1.69380892518495,3.10135662040955,1.55811405995719,2.68251443225943,1.71180667481611
3.33085067022194,3.94704112985938,2.56567845075587,3.34383285421607,3.29881384212296,4.43641129896515,3.72979164546116,1.90346532699716,2.34092523862729,3.49434612235328
1.97750023928799,2.67481164119184,1.87793304145719,0.509790828913167,1.54634242055047,1.67042760462087,1.02882760667448,1.46975799265733,2.73119581356492,3.71135437387495
2.20696196632634,1.75137103924524,3.67963370145108,1.9900184606731,1.05985604058172,-0.510323923090158,0.990191824221268,2.07234109654847,-0.253916910279221,2.06929128846703
4.34131923209252,1.58547065664112,3.55633545459263,3.08982096070236,3.88825634350159,1.86765858710935,1.38517545879944,3.85901054361414,3.94769132795744,3.56668245149264
1.03974368991542,3.32098241846922,3.16720476200084,1.07132521257353,1.96617352367125,2.66875077192472,2.19317972311019,2.60232579163599,1.52486753524778,1.19324548242465
2.65590860037334,1.43229516304774,0.706804414984983,0.391797091328106,0.465488358626856,0.948634276328087,0.47313093505808,2.87445540856945,0.814650699202178,1.07270147371616
3.94597745236321,2.48783717672214,2.59030171009558,2.88014637389147,3.46851114944261,2.27154427421229,0.946316507459309,2.01499981792466,3.4956991746293,1.31038208358275
2.21532810682349,2.60947531218318,3.61882594849992,3.13961063524743,3.67679153137368,3.83168208217596,2.93888948539033,3.00421944773437,2.40105680975606,2.73632134095687
3.34466171220332,1.32096155088798,1.72308661132395,0.633475192902151,0.178987803074446,2.01252551791369,1.41233722714004,1.54774946478018,0.189702617165605,2.53808932735277
1.81560595065144,1.99822285820665,1.70242988553098,0.353973843153578,2.39198070299315,1.69910200218944,2.35662526951699,0.593022539555312,0.715568990626639,3.22797367872699
2.38551358751609,1.66743936393697,1.9424819831859,0.598073878691755,1.20915237303763,2.82282302002015,1.59055399381914,1.77794894418572,2.25035200454826,3.43121915925
0.864495358960962,1.5370983524347,1.8062604810331,0.417203670060241,0.491743842449721,0.19900492816107,2.3289096806601,-0.179581465831392,0.431847718228105,1.28326145959039
1.72002591023917,2.91683409561089,0.424456196917083,0.378660792693798,1.66876259925835,-0.937697862362826,0.460264433510601,2.14698876986574,3.08063146188542,0.59219891827569
1.01027591936526,0.550719959842103,1.35671571022987,1.90493380862087,2.11042770625665,0.416289438842179,-1.52686561971611,-0.962448296700097,1.39440465975926,1.28704128856723
3.95535957375381,1.24176424560722,3.17629692769496,2.65820940212616,1.77264297040066,1.60370311733692,3.26049838039455,3.2304130460823,2.4276753395257,3.91347495084638
0.501691775413208,-0.0866292147957075,2.50475865839388,0.0839034789697151,1.21397738929719,-0.139014254910615,0.609061329814715,1.19198869503519,1.18426498463282,0.593296427284034
1.50199833004377,3.45211059633149,3.3466309445854,1.72551684303186,3.31871486284626,4.16756673154846,2.47872894327318,2.70322618824393,3.04069537922657,1.61008249151469
1.38092535469663,0.598611651362374,3.79942949006752,-0.000313548530139984,0.832227262431566,-0.0977832754850043,1.81021167279383,1.92512198601485,1.5163526362947,-0.378072350706
2.81302128920688,2.5389768136569,4.12391649948866,2.68730611965382,1.90084292066736,2.46476355107957,2.38617103774518,3.06822675786279,2.15835274859347,2.51829148512462
0.656989272051768,0.619503267376415,0.21586367488965,0.500368817060443,-0.285484544806147,1.97301934604907,2.29051209946829,-2.04358660167121,1.02605111657541,0.198163907183049
2.54266289503802,1.66842066595697,1.07228577983364,1.38671858760228,0.90955574800656,1.07756032054725,2.38949278913004,3.69454829700242,2.9769864082936,1.86830337649614
0.519487423608123,1.38411891352912,2.41675530720614,1.76386034667169,1.2426268081954,2.37487671385804,0.714247374405704,0.820665365579292,1.75060143977567,1.73416967206945
1.35215615055198,4.39853544204199,2.05075333952431,1.42626557175518,1.96666040812024,0.09710711579655,1.98390039108413,2.45671592804608,2.41810130791724,2.51644215974099
0.597172025708624,1.29228520118145,1.04190144791392,1.00664497055744,1.9213374080959,2.77149145731252,0.855809783990948,1.34274870441729,1.30781351840694,1.15610267863461
2.78442253202726,2.21150808391931,1.16120921077886,1.64851450955919,1.2582806120725,1.36792300189288,3.02818919614182,2.24632252441171,2.46372336927296,2.93328849177721
0.507169836724288,2.65162693434892,0.652027360807653,0.796760034774161,-0.864288655245098,1.85783250217968,2.16942506566966,-0.0312145236390862,2.32634107370659,1.45702203458158
2.6039943597767,4.48381081449932,2.34510365313823,1.88859053799218,3.09978501319502,1.95176790391361,2.9179484795323,1.52761472622877,3.32326542805419,2.93482787999273
-0.354285487911373,1.53550959121095,-0.495311252519837,0.413655176179088,2.79366769214974,2.91065018806375,1.32729586239428,0.214142681145557,-0.141545681867308,1.58851409565887
1.35529603959207,2.76772849116742,2.445681160782,4.48655118235118,1.62277576936153,1.99863625049871,3.57530545883491,1.44563100968337,2.3321439860795,2.4668678213607
1.17426951417364,3.49604033118926,2.89099975106912,2.86876187780338,1.93573153392981,0.849437819323889,2.05015746093889,2.2089824258385,1.51772933572436,1.19453982227737
0.51790492327564,0.166159517422685,1.46716784548877,0.52758519916002,2.05239114235467,1.51369352466966,0.880990955388935,1.3475252017868,1.29434332668103,0.9824685653034
2.2291027883807,1.44784347460294,1.89050163344765,1.48031681843508,2.60987073510017,3.38307471704056,0.992709581901358,2.13085380395969,2.4878126260984,0.564106283136628
-1.30295003458592,0.798923999890364,-0.0732299435952496,-1.14159812778426,0.191762317820218,0.43952134748103,2.80673867419856,1.84151152862682,0.658074532514706,-0.136238908817808
2.62917374855568,2.79174810827005,2.62913047828244,4.86123806471809,4.6021772349621,3.9349991225457,3.62134453963008,3.53483292043113,2.17634933115256,3.02210754443112
1.33879582197954,-0.968000743070482,1.98043277455812,0.372762507557026,0.400155600774187,0.23143834424902,-0.495441894295678,-0.855683466276274,0.220871559465681,1.62308397510101
2.60955175289485,2.79461838694233,4.5138576020189,3.50268946703189,0.780799671573142,4.89485320182286,2.64847750741141,2.34302176533976,2.34519919010121,4.05236455929028
3.05927536744746,-0.0513875850298242,1.9178435335756,2.6396856762772,2.17503165865218,1.00515322518839,2.20265503244354,1.493757885997,2.20098095028026,1.55166168394079
0.51384801102144,-0.264824023762846,2.39611411873391,1.87142567866357,-2.70370078345971,0.095428154773412,0.504798358576086,1.15199411068553,3.23957533043391,1.55876137609229
1.23132918625788,1.3695260157586,3.66101432991748,1.33252439076624,2.4381776575731,1.85222366277927,0.74139373506256,-0.129222475509543,2.05075193131323,1.60574930969768
2.50901944754426,2.31201540749624,1.25331921065775,1.8391811016983,0.885864841064841,1.74704689429935,0.956708986524504,0.177534041554949,-0.557732546998635,0.385636206726283
3.17934000231699,1.93514503308606,3.87204759030401,3.57978075309522,2.94731571651061,2.08731536865875,1.43809691370056,2.90274238149698,2.53237578800264,2.78829352004314
1.45063252959581,2.03710722447546,0.305414949980709,0.389786581500649,1.70384449698861,1.63502096288222,2.03617560809689,4.13716115598081,2.09581421088378,3.07380239211844
3.2068454917534,2.06460014223584,0.893302407405868,1.50326133403691,1.21315118144683,0.437250780339988,3.35944750518356,2.01884178828656,2.36091756573723,1.47771160434089
3.41145937980206,1.54336957034834,1.43964373331358,2.08665034488784,1.23441792429194,2.48824237956227,0.575229458171039,1.76719661702536,3.23914073526149,2.9238052502215
2.1353444608455,1.37378874133869,4.52203522390422,1.91351138675288,1.21381726548122,1.90068774857207,1.88799281874196,2.36423572235051,1.93573440813747,-0.162149250225367
2.11669267665096,1.11866604678584,1.48098138817698,2.20972099854744,3.2108037755812,-0.213381221640112,0.31959975018597,1.61896872934348,0.240652349901362,-0.30824202759765
0.674506894258517,0.629773792433933,-0.714408664413146,0.591083994774358,1.22885504184946,2.15576708907627,-0.34568863002953,0.727592241299156,0.589967336349841,-1.90025606887136
1.6658700579065,0.429327278945507,1.04609693234179,0.0809889453531475,-1.00359630979865,0.444752099761042,2.8367271189073,2.15825274085607,-0.184697590447965,1.3674527902219
1.24142031036526,0.3474849813579,1.03797031132798,1.83942803854918,0.938469627596326,2.51002238209063,1.21609299594825,2.0426120856767,0.681495074245613,0.989692420183322
0.839595395418079,-0.386951522482013,0.747438705720378,0.568641818581232,1.09394015020534,1.49128328786547,1.28381219212983,2.2479807005708,-0.426222179550725,0.959555215112318
2.7539594521667,0.75230087483742,0.358422665613451,0.994771598273569,-0.419401957416573,0.450446826646547,1.6236927769146,-2.75680758371447,1.58722158800244,3.63663882769772
1.79260413544821,-0.195822510249257,2.8272757424998,4.03526347162933,1.37077485118903,2.83555359122826,0.981937893459735,2.10764578008376,3.0004646323546,2.99136931564204
2.76121186812857,-0.161806860166334,1.22820273872582,2.39777183541205,1.55150801922574,0.717659894450289,2.4565020575605,2.1276141883514,2.4664551596281,3.11803699427189
3.2329359696308,3.74043146673649,1.98678057535912,2.52980840897691,0.988158764040498,0.796656560910778,3.14497637898915,2.5495240297093,2.17702151498113,2.34144509382247
2.32858701070603,2.09362785163815,3.11610389705955,2.15259495355377,2.85586866394884,2.77063495007894,1.53892926519657,2.20917403675486,2.13142114215727,0.855323569396921
-0.606611993793933,1.02388809241761,1.36020789322611,0.969264141844047,-0.699582244365345,2.31439375634415,0.395057113377173,1.80989033127441,0.642463672452295,1.79597988425463
2.47962375206724,0.697141582336943,3.68969089899044,1.8456194178719,0.943809257755963,1.60205493409141,1.79941121728232,0.913884456911829,2.07631068677812,1.53970735971496
1.09566809113975,0.538681613613227,1.07432067763672,0.960986434755004,1.33306825301179,1.2013596941558,0.930060578188455,1.31068704325693,-0.177450043167217,2.17513899444537
-0.453693584006146,3.36815108240302,3.0717214179558,1.60369464010507,2.92608982960914,1.29514000789663,1.87174460106548,1.83241907629845,-1.29072422337901,0.0507481808901844
1.04914129438898,1.20927830695061,0.962249166597987,0.593509437365038,0.832544927806759,0.906384578462241,0.530120054882023,1.36958338108511,1.68174416985645,2.42612473068862
-0.962851690961856,0.147339727445144,1.7909040220654,-1.41682917073856,0.59732719714441,0.74776722922503,-1.0119539344937,-0.981335237249503,0.0933926406501046,-0.0488964138916583
1.09464561612231,-0.215473615389143,-0.93568977452452,-0.842360995802322,-1.47459412963361,0.821891661833473,-1.5586955031319,-1.26340285001496,-1.38451340794141,-2.12469428961739
1.37369570543586,0.186272863707666,0.213617699613961,1.41642835351268,-0.467386436005107,0.846351770142197,1.78614497329514,0.755752485153301,0.850869216097379,0.608634945563131
2.81132585847076,2.55869955974118,2.55197191872026,2.61765233721587,1.46728433744311,2.77654429596003,3.55831631378149,2.37491557573052,1.84394477303591,2.26424623396611
0.522578523582626,1.27595870386864,0.705596400611856,0.156014199795598,0.788794875616656,2.10314956594848,0.486433568121031,0.197253171841519,1.18699383267133,0.158587015528234
2.39720035013201,3.35232927819397,-0.878327308081309,0.906021841420271,0.129519661229202,1.59214688991944,0.301910099140093,1.11772252701059,1.88011532170497,-0.369108524207976
1.59682958914277,0.359284614944804,1.14204130099907,0.517382574663362,1.59153960916591,-0.223955012417792,1.77207689838422,0.711241597348302,-0.799294125346457,0.223697419070384
2.04049964000808,1.00923500933816,0.113108415476044,-0.52449194141817,0.883942136200134,1.28041126136631,1.31055327227189,1.47483363465721,0.762018686567761,1.84686306566992
0.991139784500903,1.14392644713171,-0.557926135316178,1.47089086322359,1.50520678682735,2.76988771796599,2.57184499279149,-2.03625949407103,2.97439220197024,1.25969426021858
5.43384407749364,1.81286904652485,1.12996328829995,2.27692231922016,2.76637897420187,4.1905229444097,2.93797824851822,2.41287774713443,3.60038966521066,4.40686421943355
2.4790812162542,1.02622957862663,4.06371155086558,3.88888908657331,2.4407371676145,1.1199194894324,3.78159253875758,2.67627441708538,2.96697179285089,2.93737286630316
1.75445737945219,3.28542223167733,2.18774967586414,1.5722639734366,2.03891285619307,0.838569721065372,0.878587951306446,2.3918201379084,1.30932587777924,1.78296876357115
2.4823356529072,1.26515223808612,3.83830528400641,1.09050903008271,2.16105214352339,1.10658528656434,2.66351272177809,3.93200628951754,2.12504279760404,3.42793332842328
0.676273007321377,2.38772472928844,0.312787276977204,0.957493991280699,0.521698126440569,0.956618390060418,0.330713921534604,2.01001257061604,-0.159779517586045,0.463558831291751
2.33917213650753,0.946520140660164,1.80856268546849,1.93704037427201,1.82357828717616,2.1977141576548,-0.709544029021908,1.44442119855732,2.18105700793747,1.45556188641758
1.166719193383,2.37507304737893,0.554942662098851,0.29453684163839,2.07984168691353,0.534093194638177,2.13164224039135,-0.272689157182205,2.70383093994778,1.25172017917103
4.17349848953548,3.10500939287265,2.02889258182339,3.63682704709566,3.18969635953127,1.80677845556905,3.86907176492368,1.87372994550366,4.03029095919932,1.47646526141472
0.910574554685143,0.895944628559503,0.957428718367388,0.227924681474808,1.13068061558675,1.12986714778358,-0.597895428097545,0.746525223217837,-0.172379102546932,0.455918888071879
2.35137523296257,2.01047263146228,1.34292232569152,-1.2078530075463,0.989791158568047,0.758773052256028,1.48622566759421,2.82673485450372,-0.137681037685285,1.77605313374948
1.38893524347105,1.37086206755645,2.37041862871793,1.55794542743532,2.43043620800335,0.917114352290651,2.31677151500943,2.72632633292578,3.07696208538188,1.2302154827508
-1.65465991894519,0.672302093793112,1.15786336166019,0.049883440201856,0.699790948129076,-1.09626741589114,0.841422503565049,0.387420037823951,1.37897062112003,1.03192973610269
2.48507722969675,3.30804373701917,3.88960099526482,3.68835113632443,1.83933125923019,2.0151428029125,2.59512130093025,2.71348459729494,2.47212000955782,1.43267972791057
0.461510443252273,-1.42649227928817,0.0667542232497996,0.963808192731185,1.82345602207495,2.5166452797194,0.686763013491133,-0.545805998744166,1.17139671169787,1.92979646428816
-0.781348112623451,-0.660708408735228,0.778027599632975,1.41910892972469,1.1131292046717,1.61489411100158,2.16469241424746,0.643593379766499,1.04952060527318,2.15736134712459
0.48349257585311,-0.18978562287498,-0.819131223007001,-0.510823380352084,-1.08460680133759,3.08799784119284,1.15815487885225,0.463359499441112,0.795828112953318,0.89678779155272
2.65150738689776,0.833397442832143,3.32937599503808,1.66465176897159,0.949181584822994,1.10077363755949,1.48006207046067,0.731150459678659,0.213347524450533,2.65117080140396
2.36451045479357,0.114633407067924,1.97880654961277,2.47689115562322,2.14468262545791,1.61630897314616,0.649402516176394,1.70958418518371,1.08798792873357,1.1326103720957
-0.21401626118251,0.313819847150456,-0.875227571373591,-1.24028290691132,0.371062594770594,1.04969409526312,-0.431987814770506,0.809687883419973,-0.118856079582799,-0.211519969876089
1.04680304959861,2.13253065377004,1.21187729525195,0.645801432237286,1.1091954685322,1.43609189892773,1.34654507386525,0.693324195831021,1.59553566570671,1.97553353693225
2.03508513354146,-1.27419816003606,1.63566886358427,1.7847350157922,1.62004293497647,1.89461998632555,-0.256226922522293,1.32371336314215,-0.0457255012649287,2.25320099431955
-0.573034773991647,-0.935245211585321,1.68540042731333,1.14012545923558,0.784613121364819,0.369111508767365,2.74029697643754,0.142461820726388,-1.07063400214073,-0.787362932860886
2.27850037719145,1.29754788868636,1.80717087528898,0.957599513297812,2.18284854521317,2.24923170204156,1.319403618137,2.48065915748029,0.749235178564243,-0.0891225961920754
-0.0175719083680794,-0.216305360580274,1.54792489358882,0.194719009649188,-0.170120129727565,1.42272703149369,0.652512607068893,1.63987959114269,0.639699490615505,-0.0567367358033455
3.69270306312809,0.919288966589953,2.36358376885591,2.85813364024589,1.39466370568408,0.917883142383371,2.70886521932147,1.10604669075385,1.71301529157992,1.33537878182981
1.97619218926567,-0.318239026484914,2.37349112586065,2.32927150708661,0.62654267720362,1.48692031377724,2.36553122857721,1.25127548045445,1.58138601665355,1.02066985007331
1.99106309390888,0.261047150301916,-0.519462088240684,-0.0528338768174341,0.988785699185112,2.00946951736824,2.50286978814905,-0.630034332466736,0.488978096153573,1.96121744327408
0.554851715023554,1.79066574190215,0.68339771458795,1.54235536005642,0.319954774989393,0.94579631737268,0.46914125228486,-0.126010923949544,-0.807799554030116,0.227486150177775
3.08620787326596,3.80880840579723,3.67769927404289,2.39806337414941,4.10248992694305,4.64694267650573,1.51051588324922,1.47796073519378,1.4610268354134,2.98150342183331
1.84795670121822,-1.50119239112303,-1.85983191777726,-2.23578247754884,1.19484365718953,-1.99548083504918,0.819023733502418,0.471060211532011,0.663819574741819,-0.528485581510539
1.21676973273551,2.52007899097638,2.30080095229283,1.3002812812721,0.495942256791104,1.50147730268293,1.52150397568863,0.630642813988171,2.28015567084978,1.82562451086848
1.9334306868552,1.16471804306495,1.30525719960769,1.72723976439425,1.35583494783821,1.70102428060742,3.59854915504847,0.153212393026548,2.4740838762136,2.12283131832153
1.68851307771582,1.47355374419703,2.44737360769498,-0.22275483580841,1.28989038662254,0.372504589334171,0.7267743124272,-0.983515027785629,1.5045246566594,-0.0601430325218295
0.526459983706821,0.394358830528282,0.754432249377007,2.39500114254868,0.465674847939877,1.92572857731521,2.44172906950254,-0.397719194781227,1.60602754084667,0.471794842261588
1.19947689864748,0.780850340385026,1.21541211229362,1.17159622923169,2.38272373572144,0.304876115672941,1.79550459608982,1.30283401347221,2.04645189261739,0.000156439073235148
2.7292152473192,2.72749136867868,2.3893458317739,0.245352327088694,2.59852550901771,1.46921789683503,0.873257139810814,-0.186301707854406,1.91318744700633,1.72278829228353
0.076532713135987,0.980266410560508,0.966309595162573,2.19603678492706,-0.146260299861434,1.70336455502393,0.233341406085706,1.20658247130835,-0.462699831967991,1.19937861012761
-1.01894961246553,1.14977966076061,0.219846605176224,-1.88106526679145,2.28374336541984,0.193891254601312,1.72553148922893,-0.148995873416611,1.59975729285951,-0.921620114803391
1.14738526605644,1.7538766457001,0.719191573072401,1.06089093270213,1.95401614579361,1.54863210770499,2.85276753384521,0.38035244215712,2.15863761697638,3.44816960569986
2.28131195321499,1.55840310346186,0.979377884595251,-1.63351021238328,-0.665731453139729,-0.639259239664237,0.785099588810188,0.387728271871352,1.44533854691497,1.57730282305014
1.15942715671009,-0.689604637326618,-0.216020871998012,-0.546085754603775,-2.06001276144493,0.0403971266700144,0.320643937172317,-0.532612439389873,-0.884221573557808,0.725033768546823
3.08043685762613,2.75171038602501,2.50656728375684,0.887189464480402,0.886795403548073,1.08414633006959,0.860034867910526,2.45292133070783,1.8031214154064,-1.23733795007759
2.1287032016128,1.04118222499226,2.09631551167749,2.00175347783362,0.58950151099198,3.93428967449444,2.51405843072312,2.23086609990647,1.34503759270488,2.44881874855444
0.621497594928101,0.169429654720991,3.62302739061528,0.883735603305643,0.473046983695045,0.448910472971438,0.54384921073236,-0.59348377529602,-1.79668868394484,2.44844960268357
1.85150986945429,0.0733759056995627,-1.67537446805576,-0.256454756792129,-0.686084087531314,0.368368840116355,0.0964104296501355,-1.21645030103218,0.393596875046574,-1.24537662714903
0.228491509102095,0.614747867068694,-0.700370190638918,0.246287925264959,1.7434164404906,2.89060488388893,-0.41695203888742,-1.12617434084495,-0.133094946429239,0.614014765970009
2.822183008201,2.04883521927685,1.67329802298151,2.35204021742694,-0.653917909414938,1.52853381391923,3.47413783750579,2.295531449005,-0.264202453002774,1.5949961373784
1.44941310903068,0.829052136238608,-0.312713019436129,-0.448367440272852,1.24389492087492,-0.247956198192502,1.22053894555489,-0.275359481880112,2.94637452413373,1.05815644606931
1.6004293227275,1.47954178771387,0.499081535770548,1.22568432820949,1.23983661710412,1.03979991780015,0.664474857855454,2.79063527700362,2.1457831387758,0.117489072606115
-0.447475800981334,2.24257894322725,0.266945091684188,1.15456414192577,1.58164465669498,1.67285757073373,0.913545458638046,-0.131814651114012,2.53332647388458,1.98711233339941
-0.113555821907152,2.46124213111732,2.51598746058985,1.09563397355416,2.10524623696783,1.94876365913576,2.25786392499881,0.656530963064426,1.11560273693222,3.06625304656921
-1.14885741526168,0.782380191441762,0.0827570659664294,0.871569921161193,-0.715936074840968,-0.0477145968655792,2.01965252011047,2.72361333394545,0.970242737846779,0.907331354595874
2.18413883789181,1.77379309241556,1.09138927530795,0.332031778994435,0.301561542279957,0.992791996437713,0.678834574002764,0.99132469970558,-0.638041407421954,2.25027854880415
-0.634272050455913,-0.814374550712518,0.271178909132513,0.381032342879872,0.98769159416647,-0.887479280341937,-0.0943689389481943,-0.297143056166887,-1.19923943987425,-1.633461498972
1.08777023410775,0.796254859405236,0.131465701501771,1.11574288479723,0.920334915222335,-0.43371749966997,2.24318607971696,1.9649020510151,-0.3120681391456,-0.468656015798958
2.45890664401056,2.06556962737294,1.25842580620152,2.90587381099364,1.95282060516389,2.34506377303529,1.16750530764585,2.6548211821959,1.94942435493651,1.52145609239357
-0.417020699084113,1.81481533671659,2.02407838364802,1.69916282993088,-0.813546716311661,1.54007195604071,0.627434909201534,0.990840982553508,0.478286099510893,0.619718622368463
0.812668382095762,2.46270045876498,1.41284469757965,1.70681567139622,1.96848400823899,1.43098984274974,0.95300574332089,0.711844261643322,0.572634706662989,0.813999385936157
-0.326184119559964,0.483804450060518,-1.0247992781679,-0.167631553795277,-0.607734797200685,-0.744780567337484,0.502267982134118,0.402559873260642,0.970148435299836,0.3293634578068
1.70005761463394,2.98404801152688,2.19113581653713,3.45826362250964,3.66996795811472,5.41432080576462,2.36355167940363,3.66601204080794,3.20731151973113,2.57188726471871
1.29319188838366,0.549484934456218,1.27090986904278,0.940841733980929,0.329176786288707,1.12719470891344,0.990052498934004,2.4530732533752,0.953918743928892,-0.624969049812197
4.49387419178047,1.65136556216565,3.03003625748163,0.276006514831776,1.97563528264929,2.22291695789488,2.4032343531299,1.636191814698,3.01690619954894,1.90648827162645
0.570287129794017,-0.403475475476789,-1.08794046521497,0.612545748027896,0.498209029979173,2.55815063165099,1.17025789397495,0.317836329786174,-0.0504193418083401,-0.73343311887961
2.7863396736386,3.37372398558162,0.514912209662567,2.05583671665132,2.32892621288679,2.16796229510691,1.66686694543371,2.52718794302594,2.7822664408062,2.35738683759742
2.75216135610809,0.864572427268452,1.86693312616055,1.05916068469888,0.455183595609598,0.583048654144166,1.89037403034567,2.33678854626471,1.31819133124203,1.15706904911511
2.04159179068836,1.2073594423544,2.8373873672933,2.86996336956281,2.56348598701546,0.354363473746306,0.0235731486595403,3.65648172476595,3.5539316342813,1.83253972193043
2.34796166554705,1.47153049320874,3.25036996874282,1.62270039598923,1.66202657569715,1.53457107612399,2.34329923296765,2.10492353927133,2.49668931686731,2.51533710196607
1.707322678466,1.07177189754974,-0.0209490036818475,-0.860187768832767,-1.04251768395964,-1.24551906389556,-1.12963570165648,0.303487832607102,1.30733058118158,0.280507029150359
3.30325481928587,3.13343636296997,1.26847128079766,2.25137569758592,1.72012232863545,2.16327566930528,2.54570857893337,2.13958236025033,2.34823576832966,-0.125762366258304
1.91915562386048,0.729499990947699,1.09177295626688,0.295477820329816,0.690083264875483,1.22901235531283,3.08075978594102,1.95895014214094,1.25579839583845,1.62586614645034
1.97335314235386,2.75966712125128,2.19782260527428,0.0894155927376915,2.13906371494847,2.22819490481201,2.94908881165133,1.58150713146093,0.0274566114627863,1.29407707470318
1.47868216493162,-0.910399030342814,1.05894665285123,1.12037538294677,-0.0742811342756515,0.962657918119681,1.09508037517438,2.05258439411651,-0.913720917910554,0.858074398340249
0.235225536800447,0.308030700308663,0.292658789763596,-1.04139652521486,2.31041741877619,0.585382203778369,0.637572320469273,2.32928290315539,2.09999085765623,1.75686439441609
2.76533686738451,0.678411108345462,2.360746974506,1.15887428710195,0.807204171404626,1.82321184198503,0.699959530130543,1.45703637015618,1.80154111013036,-0.0675888752276119
1.36231696954287,-0.172784418331982,-1.27943422944331,1.02268459249404,-1.2113287985535,1.56475286354558,1.04056841708898,0.829234854520523,0.435060180886217,0.611878419703023
2.31477824059373,2.22476627641975,0.482412405296521,2.08904239761252,2.99891071081821,1.81053088994107,0.244022468227878,1.08230431321651,0.354528796538845,4.36882850610457
1.56129639672815,0.803192789938922,1.25181340226648,1.87910076423488,-0.0474868881798234,0.429403623521682,-1.3723446828527,0.943888419635564,0.0492233531283405,0.92373083644391
4.19475046202111,0.996981086833469,2.56332180018994,4.35551188007632,3.08683294317433,3.65944644005576,3.80480907088396,3.25801071931287,2.26388548115431,1.40822162474698
-0.0314172697020156,1.02555839287409,0.50388073748584,1.1932666368812,1.48440762499898,1.37981835000385,2.13521872874924,0.78173603557272,1.49130068717052,1.71686273654731
4.00814580116955,3.60243518338052,1.71806615696254,3.11322389233504,0.690594140856524,3.89197238946751,2.83361148308242,2.87595551592461,1.3168794919603,0.611364722322675
3.57217971005155,0.797606541208954,1.40655795033253,3.22167000840681,1.29241284060525,1.80763935705083,1.18758579082953,1.46300829476612,3.29885319295347,0.696593796100485
2.57876821930233,1.94560291885249,0.691101924772805,1.85057992680361,2.0094174275878,1.71724870273111,3.3903434776949,2.17543031140111,0.999920731595994,4.09420170095699
0.557877291097538,0.413578674025728,0.216282627689764,1.49157569844573,2.08728510170117,1.39991076102407,1.8209794637096,0.72367236948679,1.6522627998185,3.56311551792489
2.50295515236898,1.32783047391995,0.192210401405567,1.87324802942789,0.295157201153141,0.385438457402076,1.1868194223898,1.73158351593772,0.676999672174481,0.0294509847039397
0.882134755354335,3.17104004382785,0.300480862193368,1.77455105290402,3.30993466619069,4.46572763616,1.79390893929425,1.44063252267756,2.13000942289199,1.24847542837686
1.53430391096646,1.78030060098437,1.89704708613537,2.62177432289379,2.4390295236374,1.98894829926554,0.241907179969787,4.65438084475432,1.91539288184747,2.37925200287958
0.459758859068709,1.975007078848,1.933438276623,3.70890378265011,3.0723059643823,0.821684108673439,2.867039270844,2.05388163395772,2.6091853998159,1.75006681551033
1.56003446062907,1.19741664124458,0.3515607863614,1.35518399932698,1.68515596450893,1.37873624090045,3.51560812233654,2.36993035927637,2.4690380840065,0.529096907319394
2.15906243581327,3.08733559458439,2.07333334318795,2.78465408657033,0.904494115446607,1.49031964413402,2.86223793943899,1.8550300305888,1.25899421539682,2.87174243458257
0.0770658811024296,3.56143888049497,1.11664474532005,1.41580102962535,2.2049355840022,2.57742788148361,2.3323433960563,2.5944908917686,0.447828267561385,2.03482094906554
1.30399655149335,2.10226258247141,0.891904762680087,1.15756060403058,1.47565260727631,1.5183795398944,2.03232821147934,3.09958514497376,1.87836445553485,5.04976830568869
-0.11075371344327,0.617788671932159,-0.300934678458531,-0.413342411749111,-1.52030587299743,-1.02157254255452,0.946791933678717,-0.36029262102934,-0.392734311271635,-0.440349291607875
1.75254888945082,2.35344718104886,2.4010286668854,0.360131595295226,1.13862832367885,2.43800533918067,3.61408508747621,0.0405260595408528,1.40232907328693,2.99699534127893
0.107907607201002,0.6340023288088,-0.535237795025816,-0.504175165945378,0.539996524324383,0.0528248762089517,0.314981384621549,-0.672170764548937,0.424786467752611,1.37627361580994
3.09624209787303,1.87821838150225,1.36284577976168,2.84644607317562,1.71955068994632,0.472913669017842,2.94517568894461,4.02867474783173,1.7473258026076,0.715933079692118
1.61544059657457,3.13529450787223,2.31823311153794,0.897279212243015,2.26628284057919,-0.39934033164939,-0.443950590734354,2.63066155491303,0.377237153058684,1.38384977960543
3.33864945808364,2.59764360348413,2.75297145218122,2.56989463552303,2.05681866118695,3.08760176200859,2.68560807830401,3.26912011872549,-0.0101617049106455,0.550321813933117
0.87217683009609,1.17273875853816,0.911367771283618,2.51408613469555,1.86450925140548,-0.0910916450933918,3.08838175042276,0.0907734897326711,1.01989273889433,1.10302202866255
5.7579498346388,2.64230096133656,2.78248870984738,4.30439708823614,1.88562132614935,2.10830106318939,4.37775769735469,2.90705020806775,1.03513287150559,2.92676343803107
0.499247342776781,2.37923803000943,1.81185643858446,-0.517669023086351,3.35648516554353,2.2515979060664,3.75084010176813,3.38030526667091,2.06135227565045,1.37857819417432
0.283623261702226,2.23069204309022,0.361556396081571,-1.25516133952933,-0.513650224448788,-0.11834945390686,0.479364195429215,1.22417874157555,-0.363877966975987,-1.7983608492163
3.09420695226105,5.72763503259288,2.71711474796745,2.5788983324027,1.71564872099683,3.44216068585418,3.27059097991322,4.23198724392895,2.49620361140986,1.98202338488068
1.55016064117932,1.42744084574034,3.25495416234451,-0.212654956271931,1.48623552585524,3.58422470360594,0.968934773475292,2.52262680536346,2.23409858534694,0.624922707034698
2.89900201356498,0.272378338958041,1.57738608044699,2.85047537331362,1.0053252234827,0.55007261549687,1.67102906587022,2.17375910543516,0.770052829531831,1.94856377078759
0.953388811652549,0.214373060310441,0.875068281382384,1.89487498577722,2.21625830348743,1.076767891651,0.00483323081186238,1.57951362262654,1.65271888500723,0.555201665743393
2.05720368104184,1.91020993727743,1.43782988892532,3.05422849291029,2.25237597458434,2.69473304205405,0.52991040995508,2.30210754866721,3.0349334993358,3.85723625677294
2.09939714535684,2.37384770368774,3.36141725876683,2.50072751692089,1.48263104984491,2.66986308018623,2.59460789570619,1.73399642083749,-0.36585479965369,2.56618617937299
5.19182392461771,2.4066091691908,3.36684804030963,2.42231712597498,4.14191348423324,2.23139672524464,2.73129120141794,1.53312957186231,2.72899677910433,4.11138334358338
1.01121052702082,0.83791070844747,1.62439152588003,0.206800946573688,0.873268197291807,0.187189624555299,1.78340645046709,3.14659905101319,1.46352572548318,-0.231234622544613
1.22145479276804,0.256408244811654,0.738644182145277,3.11020607441554,1.82864268063129,2.58819699559919,1.21827748810983,2.14863907183415,1.9851374053867,3.22956393282295
1.75510506602267,2.42013540709565,2.47356068889923,2.63606956560057,3.46540049865159,2.16980666761733,2.16559871860334,0.263358676005503,1.05138680181721,2.96672394264691
2.50517610396406,0.748943268539745,0.0284513851130065,2.21605408842077,2.68003094122196,0.476040605507327,0.413713453459831,1.66109928128069,1.40525588534276,0.103469255176892
1.92703369400141,4.03588134126543,0.348627717971307,-0.535422601504483,0.215202483807255,1.5572312343787,0.314246435997942,1.92047464727484,0.555377663665058,0.0208490798466601
2.12639037689745,1.07284972165914,2.17785978143577,0.0133686516968361,3.24532976174846,1.04362400951732,2.42296006179765,2.89797509372366,2.96847901118772,3.96702816984381
3.3791810364786,0.742787346447962,2.2175533717371,1.28048027067191,3.05641218936197,1.42850183392864,2.84249686675025,0.572184467660073,2.27612389081128,4.08186285894386
2.20898118201457,1.81159281552704,1.29799721410536,3.12838514122251,0.903354602623179,0.0725007503820285,2.56414944973841,1.54991546685324,1.40292342372462,0.2703109454741
2.38214069061145,2.4758427076996,2.18813523022224,2.56162379112382,1.73316395316774,2.901364295693,2.78032625061522,0.964601932989444,0.549035596629511,1.72127783321846
-0.411164515821582,0.856683341926162,0.92321616538525,1.13987254161412,0.518907412875697,3.48519998536164,0.724176446868668,0.746963054255576,3.32347161066823,0.0956560168280646
2.28755098083431,0.131440116085238,1.09530966061013,2.30568885000797,3.30138721393569,1.65660932079513,2.24942379392175,2.8093850390646,0.911509022841651,2.13615991183446
-0.45714652792753,1.93371590066971,0.051598039767937,1.17959616402762,-1.28236420958443,0.272289453700395,-0.772606780500578,0.183274408030291,0.87927340319947,1.30003721024219
1.22310014485113,1.92773390064927,2.45947847815346,2.02612320423304,2.14820327479087,1.39166391968847,-0.292105424506308,1.18857038403013,2.45213882583596,-0.237255508824452
3.21191489617084,2.51581316061292,1.97960454827058,2.47180214862562,4.60300081901536,1.12345721024821,3.09171811705537,3.09060497238142,2.45143120694367,1.73773938167355
1.54552831718775,1.72739519359684,1.91211412689517,2.28685944984615,2.69173088696999,-0.260719725424279,1.8787857523145,0.347613471179034,1.04300996085818,1.41490994911638
1.4084676785499,1.08433330838744,0.621809274393554,0.75931107703407,0.822319852486261,1.41446785132732,1.09387933704279,0.920104342564715,-0.0715093066173318,0.255634498944667
-0.641740594831107,0.293056266336793,1.21210788266893,-0.656171768935597,-1.64817494119025,-0.918823998387014,-0.383258107859741,-1.25027166189947,0.64972174627797,0.297392601942226
1.05133695044037,1.55452620109249,3.04494863721486,2.64618342467242,0.0421379594363041,0.622779485059911,0.686574560231648,2.71585226375664,-0.549674836668959,0.690878610421178
0.995294648176084,0.845430085134084,1.00489304771055,2.75601533921367,1.5646258400322,2.04633079939375,2.03619747453912,1.71844863624036,1.18188557123188,2.5265051995406
0.624796928900826,1.12343603622145,-1.15044506006596,0.60044972745634,-2.19294042729219,-1.13115186289111,-1.46686317546824,0.345727227235771,0.840041394993498,1.43747488833783
2.04911596143832,2.70058470489755,5.22081740013957,3.68247186272256,1.71462977831796,3.40042046950835,3.51958704681788,2.25746265256291,2.57126383980208,2.78932082218757
3.24712893622898,0.49550490590117,1.48387285719012,3.38911317099918,1.38288912776994,1.77192298422095,1.88707417248518,2.06399309358146,3.20300356174546,0.046425079504425
3.59383817516995,3.87585686770312,4.09802803401606,2.88951837277956,1.60429268024114,2.11944071103251,2.77460576095998,2.87092052005682,2.37344633400296,3.17109619446182
0.504065354340935,2.04007287337791,2.37350325331571,0.417820025435341,2.85022691011163,2.67350191615739,1.71167436495868,2.84158803428944,2.77479498447617,0.907228732462799
1.92519448563037,0.223564158944978,0.278388624883243,2.2298003494366,-0.828078597498603,0.150341401302123,0.962521598349061,0.883553040232997,0.289378411143107,1.86948020244412
2.33360475511097,2.59690100569154,1.16436696587651,2.94399143739443,1.77346620259133,2.75900494945478,2.97236057548354,2.50442666020555,1.32144399329016,3.69085772141022
1.34402135648844,0.869046364806645,2.72577970503896,0.651337156882415,0.454961191248424,0.653263777241577,2.48458031630758,1.51486221574421,1.26736856816451,1.08239691038932
-0.116469500339698,1.85174445589742,-0.585517876773379,1.30922512732469,2.71548705012855,2.55347753568617,1.36687356485299,-0.0819001517175151,1.88464333638452,0.450424591813842
-0.254902315753848,0.47674227765747,-0.555861606628497,0.295717970532923,0.78576647259652,-1.35955220465101,1.76048981268602,-0.553964144896461,0.0925574007745887,-0.91793665601228
1.99519906692471,3.39222921003491,1.77643432686068,2.44003711105873,2.69306436045612,1.94436417741716,1.76630351826029,2.19144485675048,3.63603982771707,1.11555924078618
-0.766268879414206,-0.11580129124622,0.0798479527489934,-0.331645580708198,0.436698707949279,0.0638056735267049,-1.21777818761933,-2.51008838925912,0.861427217408235,-0.493841037519232
2.46186226877115,2.40681362431657,2.55220560889637,0.733596758616978,1.53335641723928,1.06843592351598,3.30173814277964,0.354704192158349,2.68835138976009,-0.132730949287921
1.85792693284964,3.67235429103469,3.49375954336798,2.63033970445517,2.88364175719203,2.06419325042037,4.31622873433827,4.00360799772897,1.56711073150885,4.48961114599163
0.540806343661048,0.218891418817235,-1.01731384858577,1.2089773908344,1.64424354272564,0.750833999393651,2.38704494932016,1.58979387626325,0.0145513968388284,0.191967385895583
-0.157897326851353,0.787239054553691,2.13925487832862,1.14258094197592,0.536422362989018,-0.109271492104387,0.755071390982216,1.95017688546307,1.20826442051082,3.4826677524563
1.37949408577989,3.47178668358453,3.11839163751875,1.19252094224621,0.270036256323118,1.18941049124656,1.28715367892431,2.40796836033722,1.05171132242401,0.822685383181179
-1.10160388541899,1.73625564367661,0.0635299070480636,1.26937951334399,1.06386169593461,0.258655676098055,-0.37019322246951,0.858867795756403,0.570290276247516,0.735447009683965
1.86706517212943,0.788263263303092,1.06143719792199,-0.351104494948353,1.47100940670151,0.917577813643451,1.57302349453603,0.336548378436656,1.22692605853401,1.85005187448519
0.977179269518436,3.09090621899774,4.10941278802891,2.95202841292236,2.12516603278517,4.29019221704882,3.05620511460179,3.94818850657602,4.30892228974448,2.45642079108447
1.36377377435135,1.80426468930116,1.14659227937083,0.529899603008084,3.96361255605501,3.29418680133407,2.32795705341172,2.09044083180737,2.60087353918971,1.189706275761
1.68932970678429,2.19428251606922,1.8316846265331,2.28608161587492,3.49501613180343,3.55738142105571,2.76980448231669,2.93930335512091,3.74534163847977,3.55799959431452
0.262925655226914,0.198309907368149,0.980311071133111,0.65933933682341,-0.155574631336407,0.0946507652192631,0.557469122551429,-1.29348296243266,0.848468871466393,0.299380556482288
2.64429743885085,3.3500830280786,2.74146875809835,1.85415738868829,2.05482796713299,1.24735687337036,2.95401959420348,2.29621226173237,-0.496641576160317,1.84565998210497
2.03397168095316,1.32411180279374,3.13687880600232,2.166581486849,1.5465795209017,-0.248446005379904,0.851414697225197,3.02417532640733,1.26169882612046,2.21996200430091
0.352575245991572,-1.11830310735676,0.855468657432486,0.300020154408671,2.58466838665367,0.676513951089475,-0.568108247787441,-0.242234338037676,1.01487358702208,-0.861244836049483
1.33827460969749,1.72965259109573,1.64238305391201,1.88630995049231,0.719156168715154,0.389783256160084,0.424214762763018,1.72755285522046,2.12959057711838,1.16429232633779
2.15803593361807,1.54607805476114,4.07976616622712,1.7609987373464,2.46330889601812,2.73146562776114,1.43926274332069,1.55438101215107,0.326722871308456,-0.203596344910828
0.842422635111977,1.94172476972719,2.68657240164296,4.17125928931133,2.72998703744195,1.57066569530193,1.65216734146286,2.22244737237588,2.0254542489626,3.19114691079182
2.22546901302509,0.105238219167298,0.44242933883434,0.317000637178354,3.30833808538751,2.16363092951373,1.81981185645786,-0.256110934572801,1.86997633401888,2.56640572400981
1.40341948633899,4.45719660096229,-0.141649215706064,1.73868577569574,0.0920790987558393,3.29291931283983,2.49384830943844,3.0397481017389,3.39471437770058,1.45401423272701
2.56878343436851,1.06159026149899,3.40039637196284,0.705849721647498,2.37898450594554,2.03924810400147,1.50328715375014,2.5533610234485,1.77397362568996,2.96472954287927
1.29647658321933,1.32182132931976,-0.75162871884029,0.146583214727573,-1.34173537995048,1.23292173281072,-0.980910326204053,0.147386278336263,-1.62827553727692,0.0577789196946032
2.11040387088913,1.51375273502628,2.57006648294574,0.604059798017415,1.22352091018713,1.16710191514376,-1.047499598597,0.243495830027182,1.73220026013767,-0.799376389284134
2.2450516625413,3.27067905487535,0.575579683223066,4.05649368382891,1.3360280557075,-0.512974526612058,3.28865489703245,0.953932653787323,2.4849455793205,-0.238126793634226
0.718471024410625,-0.647291659612981,1.14603440008991,-1.79839769582128,-0.0555157721771038,0.982958035749376,1.29180456529842,1.29968850010561,1.07115000068626,1.31681830155737
1.20505933536501,2.41472808239017,3.90127994735544,5.1752999533506,1.28592889192296,2.98181871526143,3.72091898261702,1.74072767955901,3.84062755040017,2.66537381859527
2.08807670607876,2.80518072593273,5.29856684349327,2.35266741257762,3.05554893940787,3.43577544523465,2.62907273933617,3.18162491873086,1.08938463260571,2.82242131046323
-0.230607997401218,0.471653211185635,-0.821322538852514,2.14716161703131,0.537239844820732,1.23985102420043,0.634643899532586,1.96676992315924,0.850599064428785,0.524604228784113
2.63678795882361,3.04542941170426,4.16446807077707,2.90102488771966,4.04538287711019,1.52685477677929,3.59058762247921,3.23234079338447,3.13683727011746,2.44056633028767
0.503316728494384,0.150820149560697,2.06367597318607,1.3011530955051,0.0831142117994368,0.0327139869732569,0.685374510719577,2.02477086771314,1.11074130274208,2.63894025472628
1.58110672089709,1.04430819756966,2.83653484982983,0.313490925849629,0.498858792368095,0.18757737400748,-0.157897963046475,1.27604167412308,-0.0404948928627697,0.735398450052981
1.81938058608883,1.44174660191698,1.06196122973475,2.49034290492136,2.19055983367656,3.1003770949471,-0.0411277911787598,0.580273263164343,1.07614471333956,1.30593166749565
1.50611505939515,0.861638749039568,0.726444137136912,1.31341444693251,1.84821034292316,-0.363691002059271,1.34513842638467,3.25556416264092,2.35021449604604,-0.528051461058328
1.066121551984,1.42257061076707,1.53239899383908,2.19538125894981,0.887147442676347,1.99952054658076,1.4672374429635,2.84604800930497,1.94744598002022,3.01034295704106
3.35503446330316,0.988325095735882,2.35017437464268,3.59723856809531,3.10023570374235,2.0073795216206,2.1341026304921,-0.138261841155961,5.20047087300525,1.48510857921757
-1.98083938459513,1.93100028866586,-2.05805994198467,0.77320293681776,0.619596644136098,-0.88063696386036,0.96840462239603,-0.732157265459132,-0.836557719510707,1.67355319828711
-0.0885216891705694,0.630312152470838,2.08029313208127,0.40241534125945,0.287059726990725,0.924658784429398,0.0475636859924946,0.0932162518633892,1.14148372750419,1.52876344338733
1.86824695305884,2.66303629007672,1.83201548249571,1.02706017752906,0.851398458132339,2.24281887559186,1.88877748552809,2.97417628345428,0.733902461754513,2.33362686409445
0.131408687265878,0.930355598286484,0.791261442406499,-0.784057412474287,3.75754315133568,0.693977369890702,2.04612196932499,-1.41247153893343,1.17744353616331,2.16456910879732
-1.04741852385073,0.158636916142766,0.953297633526426,-0.290139379064012,0.972247321587145,-0.723673698774808,-0.549451485502203,1.79216161301414,-0.333287435667574,1.25691846972337
1.98944227059181,2.02738916226874,3.36552310777577,2.65108981458634,0.0199759600260565,1.94440736023081,3.08983795101608,0.89813577589892,3.5937014951504,2.48241736646332
1.38725761988516,1.06508853041007,0.326781745024423,1.24286432997191,2.27167998047921,-0.489647377794975,1.53728764532183,0.13476175017029,-0.82013756535794,0.657471556992692
1.48861616978762,2.56668029680326,1.68413557643986,1.3977263332732,2.64302163454881,1.53278150448602,-1.44397085630718,2.89501923718623,1.7953303209962,1.63526256559225
1.62827759192109,0.345108705305984,0.709507462476594,1.753847837757,2.08619270933381,0.690519837053971,0.810872833557443,0.680996407228154,1.30413850212236,2.55687554987953
0.624346064443629,2.08875533607527,1.17758741319192,0.372342190319849,0.873050369853411,1.42207513286048,0.896010238127101,1.40832938893619,-1.22148518022681,-0.029584159235341
2.04686321727559,1.07778822005065,2.71943131023336,1.41807025768143,1.51766139200073,1.37375888419433,1.8550110633477,1.08349099779997,1.77178268641821,2.50089647760651
0.605691428901635,0.0997541843805244,0.554867776183858,-0.632554491935547,1.88870327123764,1.45720266180483,-0.796778810444077,-0.594706602684719,0.502004584897723,-0.745915997507334
-0.346912240655197,-0.423901618870248,2.10987829620222,2.44431303036866,-0.00485285291430104,-0.361338835196954,0.507730400528131,3.18886666213897,1.19545323912839,0.539736335377546
2.16592330585522,3.45960653740407,3.05557636969132,1.76454070213463,2.36834774704989,1.94987594790335,0.997862491960908,3.0162057943169,3.14878244720259,1.20372380493014
1.20638338130264,0.344624474937449,0.222509797734075,0.86774179919792,1.67369011278103,0.555574593804761,1.39952027085227,2.04285587808646,1.14448750983137,0.545691267648268
1.25861340591246,2.85356285579863,2.01561946506639,1.36768167174276,2.8307857355048,2.37421823475061,2.29095805033,1.567226338238,2.32003422131857,1.20947132836229
-0.857421193383374,1.31405385020694,0.515601097813153,2.54654583688714,1.51302705414812,0.601737992074536,1.12014622220857,0.786159482610973,0.849768327964793,2.50701865884915
1.16706393321487,1.23343928195877,3.08030114491141,2.26875974411,2.0837567017276,0.878887440467086,3.0154256606858,-0.0314771062845858,1.69764699487058,1.82823981358019
2.21236108526251,3.07297445991592,3.87718084042017,4.56172396815566,2.62478458754561,2.62055789606493,2.49199151674446,3.28930080515718,3.15213900040231,3.46900777824467
2.21887508476217,1.30987061760422,0.779294307321831,2.59940753574333,2.52555693616083,1.40454248806622,3.81723051150071,2.73784585609203,2.49575515464248,0.579229537512564
-1.86237709561791,1.54952672176241,-0.0778247275213924,0.451410635703881,0.489319486432529,-1.30873715025547,-0.395065877035268,-0.265878940290649,0.898714235775445,1.61733917377866
1.44381989767269,2.21478179071561,2.60904452636487,3.14376289651033,1.97527875635532,2.72939520940097,2.07884710019425,1.37372900608796,-0.0476273474501405,1.80269980214521
3.62958470000239,3.34601085849986,1.55938606204738,2.50372233384235,4.24973187619135,2.33475133850415,4.37443007962955,2.14916066489986,4.46621506428321,4.33028357769796
2.66775012277694,2.09410437538002,3.82473781075273,1.92009652613092,2.22290337149074,1.38723775690562,2.18055367200657,2.12998268075947,0.170537311449083,4.29380692073049
2.87969583933132,2.77743859878583,2.6191490752115,1.53333989784369,2.4551457318093,2.66263941279507,1.86095264959904,2.23197569092201,2.69853060454589,3.52744248005908
2.60218203289563,2.50824297165763,0.321028605935673,2.09384511365365,1.39913995463935,1.42173083661046,2.83984809316514,1.19519484990967,1.66590274305038,2.78007756572237
1.81480812596343,2.71729558878651,0.675490170671923,2.38129150214966,1.65254355330306,2.84403763499532,1.42745348550909,2.92329729045575,1.07781500957778,2.66936337291496
2.73646469701749,0.840351416809557,0.178340707850773,0.462939539464149,1.70499820315702,1.16885790624057,-0.217259988686438,0.508641781097442,0.592172724340352,-0.679821565707374
-1.03195022743737,0.465563039153431,1.86632337917055,4.30404148445859,-1.93881085294507,0.11949140113492,-1.06833544990538,1.88724639869263,1.9505605752244,1.59626944584227
2.27604158181046,1.19595946713278,0.683463901283086,-0.100425936369775,-0.176846125896615,2.25909266295197,0.970440667044733,0.349490715161866,3.10352671235235,1.42133907037167
2.03118627285734,2.94743569011528,2.43798526760766,2.06221747076305,1.11510288693691,2.81002445605236,2.50873363451656,2.77557533189823,2.61717557882038,2.78921523449279
0.0859338481255185,3.30876175793917,3.1673313764577,3.56053323886338,2.31889202301789,2.37680036956449,4.34359162749809,2.6592547089037,3.57650809036467,1.86551817682802
-0.534534351083259,-0.511673422168919,0.359696678825485,3.20074534755101,-0.975736415696035,0.375906937897608,1.96487464693439,1.21686519917356,0.670612887210677,-0.856428574074787
2.79893951796396,2.68559846249115,2.48985452229267,3.0603546729774,1.00649471803402,2.27785350997899,2.4965288237245,2.62105641634133,4.38322082511721,2.37098131420054
3.60915836647222,2.96610220147999,0.835406517984734,1.76620935110647,1.3727574729017,3.02362834208344,0.647319978321137,1.56882472447518,1.31213086668967,2.92730572887597
0.431943006189277,0.147322683026162,2.03949366690405,1.93532496075481,0.797709368348668,-0.873764902221181,0.340971659165986,-0.0319746133118333,-1.99210508626009,-1.8097087767097
1.35526619770815,-0.0243961881151822,0.762244618212441,2.51273346514437,1.33826554892675,0.0669129272637309,0.754745319674225,2.05820855618419,1.95357573570415,1.36019123020671
2.67104709348581,2.00704880062071,1.07318001057459,2.33880766170441,1.03119544503323,3.04717346223685,2.32250687941636,1.70577665362356,0.881700206662041,1.71945438792039
2.21875090041092,2.94733777807326,2.24826773114809,2.46139355796535,2.37361556033233,3.119273199261,2.68522103159476,2.68520086029228,2.79029166132463,3.9383324491284
0.653537978287786,2.06919631673227,-0.397657732759852,2.68820997354569,2.91862617414167,1.1229308767542,1.16771024543271,0.200390331715777,2.10730047750531,-0.902192670433824
0.0779463707888629,1.56510242723812,0.505956347927835,0.069149106952977,-1.02957144781374,0.414959433910719,0.0389575694181359,0.698238342286784,0.199097927101181,2.08983709390507
1.95378329863491,1.73905913220348,1.86527188471643,2.43292581600626,1.68410142597431,3.01063016696028,1.54748589990216,3.0798545138611,0.156892120568656,1.68483746590253
0.322850108140145,-1.12231024300646,0.487582225635914,1.72423994997683,-1.21495250137807,-2.01357383962125,-0.398716002610027,0.48602559397445,-0.241040332721603,1.36081411182765
0.856562626208945,1.28713123221229,1.208934261881,-0.386707764184498,2.61118168212858,-0.0451029956276883,1.31380875594647,0.667476065894873,-0.199546634035194,-0.328839403236093
3.74970615147068,3.36886963309387,2.01313559349253,4.54551739225096,2.58081543027047,0.72005821894299,1.68193957991009,2.50576661351756,2.11092506495328,3.70857838675955
3.43353637747838,2.29657072834833,2.03803064546439,0.755002709044905,3.51940190126139,2.75089856241845,1.57869745268013,0.846476051017439,2.39781209327629,1.80028723209211
2.45281786277472,3.84388462149607,4.24288851804983,2.64272834424129,2.19659784295444,3.84732560568357,1.05616774513823,3.89988809942609,4.3799618400831,4.57486704486874
2.03725318784241,2.06476060163931,0.733983529444011,1.1314003957294,2.49160497018915,1.12245288005634,3.97691814147585,0.633265685201652,2.2024684578945,1.21909732000156
0.772726382653536,2.31208539209306,1.02783019049753,1.46410943129896,3.5487453841262,3.97036055251927,2.35151630389366,1.61602052909106,2.06564581114415,2.38324071642402
-0.0287316847718674,-0.30382600373595,-0.576915579758324,0.911888605632876,0.68372608814761,-0.84870796534391,-1.31641364815697,0.288624035983335,1.80329386139131,-0.244149062176895
0.388520164712129,2.3821723613533,2.36723399840599,0.11861359661087,1.48684438900916,2.45785199035283,1.70346075662305,1.40810140623852,0.460967010789013,2.41883563265288
1.7093086330182,0.772203492472143,-0.95332477283179,0.0995947771767758,1.16573162057098,-0.833345535197258,0.0105058588380196,-1.72842609172028,1.0274780884687,0.978059161779933
3.13785221931159,0.98441501139872,2.74004915248588,1.23254788381298,1.18570885363248,1.44809975209714,3.11716442252824,2.22321692349242,2.81317177550758,1.75956450270476
2.6622766828022,2.08398091942524,1.94755772792233,2.73435121516023,1.46760815262064,3.2735365839771,1.86580606068164,-1.20896145834641,-0.0129067480390241,2.45106724553557
2.02498171383468,0.938075733410126,4.45384309349745,1.66880070316122,2.64949595809013,1.13050011116871,3.41394853270012,1.62039355506436,3.36812589372101,0.214758186566051
0.789231427480495,0.368100391884738,-0.0739400628631772,1.44809482975848,2.24243459550537,0.690449475692207,2.3037558403365,1.33735171981313,1.06538514371961,1.37310072261585
2.46752236385435,2.32046644664193,1.38672942954159,1.78149256488411,2.55855533833276,2.75483303448364,2.57039355238208,1.99940362649203,3.05833170165311,1.62921335345123
-0.284646679564228,-0.0605817279784513,2.60008437004222,1.75367933905052,1.38099100330136,-0.0478830978513183,0.686138626573547,2.5389139530664,2.02422020566425,1.02313148866859
1.80124749261295,1.60524453441346,3.59969745737311,1.42937748793639,2.39400616328171,1.23252509201706,2.06462101926336,0.437433441996351,0.708651133623121,3.16553721509945
1.24916168916824,-2.39931075378801,-0.781885939222531,0.935398876411992,1.56369815709218,0.150463247619184,0.224164411594014,-0.232893655140463,1.8231665364155,-0.808963487437888
-1.90684761473341,-1.07522762238594,-0.330054531635182,-0.642658743253463,0.676162614904839,-0.291131393879368,-0.50696049405202,0.0911319395285009,-0.496829207946923,0.99566831367225
2.2097794845631,0.899675566815491,0.497607227746143,2.08257679070054,2.35832663660511,0.387760476717439,2.61718524962012,1.67301484046873,-0.186556933147249,3.44643702706864
2.12363275472067,-0.441350832224166,0.0172593575589625,0.572239868709708,-1.31047037366659,2.23369154850578,1.46088270883899,1.9738546420536,0.736256329375077,0.355872288404431
2.58182384145621,3.64784297030085,4.2411180514762,3.37153893886812,3.41887248295482,4.01511086238061,0.759394672383806,1.88783781810327,3.7993459683777,4.05929110822288
0.764071611331814,1.06135428493781,3.03527587323433,2.03275428010734,0.867304803099533,1.90857309207636,-0.0648486437810443,1.92128683383564,0.864838602344834,1.45491526361008
2.71883933363484,2.71607515045628,1.32799559499859,0.645847323622119,2.17199198476455,1.60623187235238,0.621180731578342,0.92222826002476,2.73238069225192,0.884661210155748
0.265009801097713,1.99551077695248,2.38815152536295,0.61697094956654,2.32670215472264,2.67336174639734,2.8757365590176,0.391206260589259,2.69843328856453,3.00436647817033
-1.28793323034165,-0.954820508234066,-1.56537646873504,0.460454444621091,-1.82083580792928,0.176601872024417,1.05670696322541,0.00773628650396124,1.30022944150337,-0.0446871606043944
1.12083148780371,-0.167053512135625,2.51462980501951,0.904346711394963,1.18196289264768,1.27330130445352,1.02569983144724,3.23570145779123,0.59011698640593,1.29843488576146
3.66879713482628,3.09933485613966,2.34450361544731,1.18822390264226,2.40036654994643,4.61115063128186,1.30459478518369,2.13071136028978,2.29731220484014,2.09347798984238
0.197175686897532,1.63453458932503,1.67817209182891,1.49036866151686,0.899807275754204,1.21341013384187,3.55706677821384,1.52560265018732,0.966132380850249,1.09785203041362
-0.163975773478258,0.0629998828033001,-1.73142926688948,0.222160163851118,1.09412863865484,0.495733068558396,-0.45071345627068,-0.0231080372599236,-1.03644648076857,-2.31379010150814
1.44598510365164,-1.98031769276723,-0.275680602459975,1.53415479326151,2.00015629888402,1.59188685906559,1.49413791538549,1.61875908661169,1.51583221281764,1.07264609451909
0.984737366563606,-0.0797828795536657,-1.03983158341606,1.85899531985976,1.60941115872595,1.18956766111968,1.63396815009375,1.5952445327724,1.07537246103313,-0.160839960561617
2.80145542777892,0.944408084695447,1.23343995817254,1.54402513025791,1.54559236975467,1.72770159338224,0.175251870305282,1.23560508321055,-1.12884663973,0.954516490807321
1.93397976905396,0.287858846074332,1.19613673287809,0.390102893895409,-0.67991630371393,1.47369582622559,0.476902674500652,1.76815761695478,0.59956653072177,0.670026626051381
2.90206575469671,3.27542436519425,3.31342387193534,2.8311461834615,2.57017923926462,3.50245614313092,3.47608502661264,3.41013807478081,2.01227103251947,1.69919911451279
0.215851723894467,0.103177412157106,2.27807877776263,0.853494662980193,1.07297930916071,1.69107432999567,-0.545285619590712,0.646320497181033,2.19970636491571,0.662817525040492
-0.137312322668468,0.836699885103372,0.660655316414934,-0.015610064894084,0.510680847899607,0.669347473700265,1.92380652880235,-0.161030003482578,-0.0364096283857837,-0.220564328582871
3.10265373659255,2.22422266700787,3.7230947363185,3.44872658608686,2.5667280493959,2.59016195366974,2.50475471516791,2.73137990092635,1.67743949679592,3.63451982067723
-0.76070459769415,-1.87084181211274,-1.05128202795075,0.280125016501566,-1.19294399302567,2.3002463085762,0.500596646565521,-1.15931346001372,-0.494806220783684,-0.99241033411649
0.337529048866316,0.974216076703233,1.82014781419259,1.26708518745425,-0.634171598463913,1.04798567764502,-0.812476627407131,1.49463780034725,0.251941587728977,0.948369621370746
0.968874356605346,0.0115079218527994,1.71449577631239,-0.391979903977006,-0.570974281464538,-0.0763489066168774,2.2883490850062,-0.0696470234111553,0.174420277487976,-0.0429164702767508
2.86388298540036,0.202183000119169,2.70051249701199,2.89064146806793,3.29314144417267,3.57403290023815,1.53219063856461,1.64211025067224,0.147707173598656,2.13999711966792
2.72849050381475,1.57073955740291,0.709923095144838,3.16007632636892,3.69598996065222,3.55340413350863,2.93308154683958,3.6289978039915,3.8017810679819,3.12915747860076
-1.60108206418629,0.212079635629192,0.662512806763716,0.218321717038011,0.257543877951745,1.04860150410204,1.95196826323469,-1.36494123281192,1.42095471210228,0.947280870078262
3.13464778345985,1.47992188912187,1.59289247424843,1.34301720983244,1.89904553848913,2.78390114770276,2.76555799752309,2.57066779434872,1.70748490815809,0.092745125182111
1.71669145838632,2.47742324022721,3.47634110711294,3.2713899026497,1.95856130478048,4.56678850873296,2.37552047333698,2.34906904608604,3.46349635837681,2.5514448413391
-0.137965683497085,2.37515946603336,0.395822726361183,0.0447105511311707,-0.298217905154846,1.24482694391121,1.27587205392626,0.208490706397111,2.08039616296868,0.968621391562234
2.36675376495669,1.44180475880351,1.84057555669752,1.75331858221545,2.63887346464125,0.998298849882019,1.18064714146389,1.29038621516962,0.670523657359857,3.07903749985009
0.208079690581291,3.13378421912468,1.79698050991201,1.73600196645309,1.40765188442006,2.85526801573606,2.07014815517532,-0.00340920537901335,0.876215394453362,2.65616893942685
0.548976269646398,0.654803899264708,2.27434173920585,0.245165416851405,2.70290604816054,1.70980898055167,-0.201507124488107,2.94579818439625,2.22575245657333,0.31440242157254
1.92301428299586,1.52324681876549,0.560187780203335,1.02797643129087,1.86979478341069,0.100982450838369,0.567850808534078,1.48177216515324,0.801556968908871,1.47167994922326
0.710682462633099,1.5856090375927,1.21784299248146,1.02809416438427,-0.326914553769849,1.14188043433058,1.78740668200418,0.563284589496475,1.35419512210898,0.685155116107738
3.64832523882393,3.06874609291486,3.34629879670301,1.322803037517,3.26406260356004,3.12926116176296,2.22493342171007,2.93315786820526,3.45488189759366,4.41063034719684
5.55610631042745,2.15884343633492,3.17304380087316,-0.0478789120000265,1.06845419168273,3.43349792376323,2.82496155158981,3.38049918361943,1.12798548789898,2.62943577360652
0.354493660721595,-0.257470833921214,-0.626859144109542,-0.715671823958427,-0.231005761086172,-0.619614373992258,-2.44437092185032,-0.423863763664852,-1.22859950397647,-0.219492818850903
2.02662640880992,1.53839871240303,3.18347352130303,0.929395211392031,0.501542199699633,1.79161659059584,3.70126408734464,2.10842747159662,2.80323501967692,2.75721541088462
3.71418318040579,2.28454893953956,1.55309670174743,4.25522382763012,3.42580618538472,2.69572259526222,3.50652010772159,3.4753654592016,1.71838523833417,4.09533225685553
3.05641292911594,0.574562430755576,-0.288583225328132,2.4166182447477,2.82522959332013,1.21037419146698,0.760777573822115,0.943325310878964,2.18523715719354,1.02737393337403
2.6604914512611,2.90456277232965,1.25312965201216,0.713761534827945,0.891073974664387,1.71883701609744,0.339190690298968,0.740659318440186,2.12751349127805,2.09943243918313
4.60622203071405,0.818859745516192,1.13077767241382,-0.0439887591986752,0.296970558130296,3.55263122668172,1.55592416572247,1.29360589133821,2.33917779706628,2.16157571948694
3.83325431022438,1.96994065317442,2.86702027321824,3.3810396738688,3.12731711013271,3.08596864008251,3.23329486500127,2.86655556857168,1.83088524294106,3.30032694429102
0.513564467958725,-0.140849608392233,-0.993194583214517,-0.215564128779701,1.23253254944159,-0.798037364782791,1.00471307066493,0.904178672477477,-0.145264516235393,1.69561595615509
-0.498628330232129,0.743329167067596,2.22376566035125,-1.62957279239087,-1.4875028538248,1.3502513187918,-0.664088326146931,0.531910100063493,-0.54189101539042,-1.18029876505247
0.905087095922773,0.087610291553834,0.493406201173714,1.40508463384822,0.112193666823809,1.88520056965588,0.38499837528204,1.3109212899623,0.950442498085352,0.385275442637296
1.45055475776022,0.919289636820825,2.00292649951208,2.13971280987712,2.95335652284978,2.64574334966851,1.34107703477937,1.298431772043,1.13819824055218,3.73308290899605
1.8266261920148,2.66705463815116,1.36125170909766,4.09574188932319,2.58401507207595,0.0650307374774264,0.789552787448057,0.788804273300031,0.928468033370019,1.35503875520514
3.88656972290132,2.12764048980469,3.49097623133278,3.99341011334905,-0.678864636807184,0.0830435842724364,3.2702380806003,2.12938089396963,3.75948934603448,1.41232522094785
2.89710464265118,1.73064910972791,2.14680004787532,1.09889880875143,2.04719931142562,3.5152390169355,0.36196482014793,1.30421571042451,3.08581106698712,3.90466243815003
2.78879237077047,2.6326994535921,1.90216207022134,4.57229204201526,3.4146584520117,3.06133086319169,2.68737853791903,3.0928731977242,-1.58403124164634,2.75124827260884
2.4859280357058,0.586814818744758,0.749457285921829,1.97971101680704,1.74537705277851,0.543458698503734,2.43810915226524,1.23438188391314,1.54724744631976,0.59769507072608
1.55284624321364,1.34844088202226,0.825316991193018,1.63909659931594,2.62397026370319,1.50946974896009,0.919001076682029,2.02468033773093,1.21153713620824,1.95442913879963
4.12917894247044,2.16218167134991,1.76079269446699,3.53161558433797,1.9915472988785,3.46802218690967,2.71192545167592,0.790474589952922,1.49366752346864,2.00662011022549
1.41708562966594,0.300989677848917,-0.17365976614461,0.437254814331007,-0.801259673815698,1.75993005941253,0.375486216057482,0.589734518637611,1.0489694448377,1.42730468941259
4.31328302076533,3.7306610341722,3.32876192591608,2.84608261047698,3.1987276916146,2.15131090086796,1.83459312083709,2.97273923407495,3.91606548007272,1.87931942146683
3.22476038033264,1.1034621852657,1.0548525935432,-0.514806150568555,0.659947178175023,1.53699191970998,2.31848176720947,2.79404839897402,0.0580539033530187,0.424717403292034
1.43320655763967,0.829835776946344,2.37018822238623,1.50192240870618,2.12957052198964,2.54887156164916,2.70238243489515,4.51911000337694,3.71172323574464,1.73403043025341
0.461137795086267,2.32323762646143,1.55548379385574,0.379916947896465,-0.0768531377928952,1.76009855498882,0.432023462298598,1.73213569829093,1.56293458060605,1.93026713711312
2.48210237458615,2.01638171859971,1.1543075060657,0.932519174151101,1.61881752852915,2.51977935399591,3.2182582810321,0.589077961027662,3.51000658245636,2.04076045630058
0.355981567092814,1.513065092133,0.323595792922465,-0.623825801142539,1.95121522816228,-0.118943277592256,1.20014868285708,1.99085070199809,0.736681737475828,-1.47828901916309
1.0924725427975,0.279657288328363,-0.834659704067939,0.163322301364921,0.975127698731933,1.83272685692522,1.76203091010035,4.06622514843428,1.16162993086559,0.123829870480646
1.27373465818529,2.62899483516382,0.789708202359797,2.71974449610609,0.462921514167772,1.85341734573089,0.688186606696096,1.02740965914259,0.285726154836846,1.49752891579668
2.2301342639724,4.40537688330659,2.27338343025847,4.04238890293821,0.5750108391893,2.60359011509034,1.5931730571254,2.06118260984981,2.73411994516813,0.950442403210815
0.340292285480388,3.19444976356902,1.98816503322512,2.78270963109586,1.79048281805744,0.212829380650082,1.24688393440704,1.48049629555042,-1.19914731635131,2.83988725352062
0.717031363094613,0.530872980835225,0.756699050845937,-1.43056508383732,-0.291137154860969,-1.19779385602361,-0.392584454814365,1.70797290163047,0.553008261306255,1.03278356222681
1.60136453359879,2.35859308220728,0.749596978074404,0.47752514581802,2.51611506448259,0.350996610832032,3.07605837311307,1.38071641183236,2.65759638386756,1.22507194173312
0.645507283268952,2.58063175863517,1.86131915586616,1.25021482037302,1.16579327390559,1.07592293284877,2.08534281968801,2.25107475007769,1.01710937651346,1.96014830414714
2.2203927387573,0.945064894692518,1.78099544872576,-0.958357233265261,2.59242315740467,2.10450048112404,-0.293821159954249,0.263406816654958,0.923314172858673,2.65623763774559
1.08293529317445,-0.144484090521894,-0.0563039513822496,1.53451140687738,0.30762895363257,1.05813833192183,-0.897950847628849,2.63551557349946,-0.645256634281791,0.396225967428802
1.64814675845993,0.577464490572436,2.96894698992783,0.303391304824463,0.791451442742574,1.73444794486548,0.22341824218907,1.66352334520949,-1.14361250763898,2.27848770978924
0.35035567553776,2.57557214181929,1.87218390281999,1.06489683114232,0.898626395166395,1.25479882593829,0.0877388227738725,2.02738952773419,0.852935055077233,2.58898625405528
3.13830558153722,4.44543664343404,1.71957677871064,0.179565732469109,1.77536255657459,1.36206255827675,0.365577555390214,3.35040577553977,1.22071333038329,2.46264900995995
3.47280575607907,2.0034223757852,2.662830635618,3.23619029203607,2.58530865397715,0.0805120647891937,2.29259447936932,0.581497655392698,1.01637425270679,0.483578635191998
1.98536850071865,-0.334848427879286,-0.670407967466812,2.54105433231027,0.917767551753778,0.205981167708809,0.727448835028987,1.68340634331321,-0.394824606413099,2.46362849591469
-0.612802509806264,0.76670431141956,1.88528861409272,0.379145063267262,-1.47766706537019,-0.699988426487642,0.208230408614301,0.376375686757336,0.424408367612626,-0.790235917327589
0.472188981465951,2.56367652235511,1.39420902772109,1.14916571113132,1.93446621759706,-0.859901739745323,1.11735962173475,0.416783423462899,-0.872530831774417,0.657428327988313
3.98482990583978,0.938311587961816,2.26764181153692,2.12566411293349,-0.0460428803918846,3.70238696826765,1.35878294687826,2.62974210699145,1.84274936084449,2.92362574594168
4.23465461341733,2.22281522516247,2.87169785187427,4.14281152932008,1.22448232926637,4.1035543628591,3.12214256702071,3.07378500047202,2.82567670163645,3.29263363762477
-1.1290142953467,0.296133908390523,0.627804092716794,0.730833805126845,2.55686517984051,2.39270834120906,0.878247611986841,0.790778290222552,1.59082684038108,-0.0149590920943703
2.39150673613175,1.91611297423682,3.14583761306874,4.43988913754956,2.63017074396257,4.14133746427014,2.85110867571051,5.0217704511589,2.72812173793639,1.15612272744433
0.466140381532894,1.22058912422223,2.31457689511436,1.62322298650812,1.63560804447314,-0.0580094706016636,0.956440537248438,2.53354580095094,-0.5713678963768,1.32087782587761
0.819662568367603,1.99532578710851,1.02395638998512,1.24759175606786,-0.642718893007118,3.13182860649514,2.53484691373309,2.62114484106947,0.284825833522109,-0.0263280399735708
-0.828437943239117,-0.29070567561678,-0.527085047246501,0.44306662519472,-0.0986388682416628,-0.546695900309895,-1.59764721498243,-0.0973471805357655,-1.85289164821236,0.324018717124896
3.07258260267605,2.26428821588911,4.1333205968084,3.75157158251068,2.60317741621531,3.14693812983263,2.48656036931823,2.89928470036778,2.9740223163691,3.15571280060249
2.37389024967228,1.91641605486384,3.53945579609958,1.53364556547324,3.89696539026009,4.40450257207248,2.53505228115442,1.55347303919924,2.61020484966836,1.68532373245758
2.47036504992099,2.81467966092226,2.49458070044374,3.34102774049767,3.45711308550306,1.72178483136437,3.04576937114532,2.75567036543783,2.71676822654746,0.960389017219912
0.706017088600462,0.0288492351876686,1.32737768851848,-0.966052207870453,-0.0917781176808097,1.69819152617106,0.188546126320808,0.158905526727197,-0.0658877408112846,0.811926753208643
1.4748852137179,2.11242310336528,1.18369380979286,3.02598209627424,1.9333327218021,2.93515573480351,1.08376338559342,1.62954547281551,1.87011362399309,1.70815030879094
3.83713963655845,2.52494387347991,1.53794364448249,4.55572744311829,2.992902925693,3.5711725830419,3.023540032919,1.5223737845347,3.29605020681965,4.30556147578008
2.2648752212413,0.378634870564429,0.287468578389414,1.33233365436326,1.15939807151027,0.523207663326726,2.4112841508492,0.917480290854417,-0.372321498271483,1.42507635664215
2.50651138603616,0.823016151300196,2.57989137579847,1.25695006840321,1.68421178355441,-0.463835121031725,1.36161526132977,0.891635365593373,0.702547292959697,3.12181772462252
0.193446863866476,1.99132624045113,3.09509126572688,3.5978825233135,1.57771464672429,4.66745455723838,3.63648148032686,2.02644129188826,2.42004161874429,1.55415382656937
3.41478514296278,1.8600842361845,2.68958773866111,2.38059766587607,2.07000747047569,0.646322632837715,2.00960574531883,2.85203635684828,0.48362155969786,2.77978403413022
1.41094713228246,0.443965876104294,1.49327073966014,0.202978124394881,2.32336223005194,0.794833787215648,0.441663052882595,0.995654088437551,1.57371518173365,1.39547512488443
2.70159697238015,0.663651518169786,3.25924527963699,2.60949866775836,1.08531071910954,2.69480617602732,2.03759013576367,0.840378882420609,1.14327892373908,1.30277072339396
3.78184115129644,1.53482723588173,3.36717708104637,2.8175412360144,3.41529992441833,1.91774811711908,2.08675460763105,3.55629091736883,2.57295856247582,2.46032692599199
1.08497516438953,0.340976135866478,0.448304636191126,-0.284658147967667,1.79817905800583,-0.320052542865217,2.69143146762712,0.142807117251199,1.28675145699499,-0.344074738762829
3.92736040767088,2.50954447777327,2.53740960795504,3.79671362846005,2.73617662969537,2.80449954090452,1.77945663460885,3.91106413258897,2.20138476933851,2.4507915497898
-1.26043888172554,0.25906002055092,0.483223570560181,2.05862799640193,0.946968537915189,0.0162311119203912,0.409218559271011,-0.289101926365412,1.7023713795385,1.55047472980827
1.52057310511224,1.44092260327053,3.55881537676483,3.423053567993,2.09291577917586,1.03447510769979,3.26929456737628,2.02091433934033,1.90047041118968,0.899709208955438
2.27601641620881,1.67683491400656,-0.897641230547849,0.27277203120316,-0.574095963206639,1.27400286096726,-0.407418807991535,2.2178394785269,0.96357351584055,2.30753849196123
1.52287729592937,2.13072912936935,2.2645419501912,1.63301352960342,3.25605605734698,0.284807391259177,1.134723216249,2.385541979216,1.66352469758924,1.9026820970451
2.38341999760583,2.48918004264216,1.49888262908141,3.01019093581474,2.96775715419316,1.31304144117951,3.27662694780353,3.05422092008168,0.88936727557926,3.12835471120964
0.378695738516057,1.4189557596224,1.05414627376073,0.699992615981759,0.227872676161347,0.221879356288975,0.670913259172523,0.454302768278069,0.952094159101337,1.92141903894748
2.33248305926512,1.90873620440449,2.47038216311429,0.992894407841958,3.25063359997519,1.53731230399005,0.355939752495597,2.78308215928919,3.09674495453005,2.58621058566358
-0.934782953406214,0.254400360385949,0.546168862345058,1.33376645681415,1.55191326940279,1.62460268589137,-0.208807214570006,-0.712491165967945,2.67230349107773,0.340980631395482
1.68206949747283,2.26978808752938,0.254588080944819,0.106886433847293,1.44377095366605,1.00392546630174,1.83849173622604,1.90965862863267,0.528524763876269,0.490578429500449
1.82006846131328,0.266513099045595,2.52511526239685,0.902958090365282,2.59600862554069,0.72244674081132,1.99416055338576,-1.17628078556171,1.58727256658513,2.01963094878304
2.98584466422527,3.12230584834641,3.20565595968939,2.45387451375394,3.58544715742263,2.38479034303734,4.00267978621984,1.71576492716751,2.87003301061116,2.88273648916377
-0.516755459823757,-0.540792389464855,1.89751686260821,1.55677520708889,-0.320299582366391,2.41269848149277,0.395967101395863,2.1681715210293,0.0959955986907581,-0.0053235153798723
1.53700679183784,1.50704572955432,1.69683380327057,0.235929463021042,3.17999276489995,2.56968987538537,2.09183706676117,1.69475183650653,1.05951253048369,1.89226981227359
1.32239434360879,4.13294499732492,4.09783999795318,3.03553272265315,1.83474783531589,1.96128103558081,1.70509315788476,3.64762990999572,3.63592315071289,5.45619380430602
0.399259955209209,-1.3598343545878,0.872224106209731,-1.31570393202788,-1.76212842752795,0.794218416185786,0.872234877037124,-0.0440333085285566,-0.591260538887356,-1.20700245481762
3.08972964120203,-0.568097344103616,1.48981728603115,2.46845125821201,0.294543248539368,1.57543241802987,0.559921099231496,1.27632122697671,0.218280067294672,1.59534581530576
1.41004557749166,2.231862616155,2.55087919845587,0.10317216136567,0.589673064051609,-0.93620885796315,0.93214972475527,0.767748071276302,0.379925131738485,3.26619334713667
2.05722501441363,1.43987000540284,1.44948167150946,0.737082813500844,-0.143553453272218,2.33280752335785,-0.123564899757614,-0.854471754110521,0.363261833446734,1.25259126893029
2.12495535993416,-0.0707372381490643,0.065063808499338,2.93225151314259,3.31373831319282,3.14613067033794,2.06211511326162,2.86024155155762,0.68617638404596,2.43744181741189
1.08965564833694,1.59796866479307,2.95100264302711,3.29988742057231,2.91160921613231,2.56399704228755,1.64150153686595,2.83895155633908,3.78994858623536,2.67734380084217
4.28995007840573,4.88024016809318,2.96791739979714,2.91002543886367,3.58859355820388,3.31792026014102,2.64038804336525,2.23373263784692,2.23304495180863,2.8879410596325
-0.665014088851125,0.390629076883469,0.287893325754416,0.811966362079159,-0.813439368370724,-1.22669417837107,-0.25304990273259,1.43787474177655,-0.26498049737266,-0.505089198971105
2.01018297257409,0.748819103474767,3.17828604078954,2.32595366592712,2.24800549504582,2.76994348945946,2.24845782565174,1.04379955908007,3.11341522088071,1.50213192518553
1.9263230810744,1.74373235852846,0.618964966011913,0.469916258539281,0.174115480720296,0.492527204969449,2.3257341665124,1.16588386547349,1.45310451564498,1.40022274913712
2.69577484527717,2.75091421487758,1.0209492462684,3.03647667573877,1.65961647037886,2.5344067285866,1.90231240653798,2.20544378752991,1.60396685677543,2.70661716311288
0.71966342537684,2.30203192797342,1.42292520035879,1.09338533167725,1.16238190332989,2.81464691924967,3.64154186058266,1.28183695557597,1.61663130967557,2.7560461327434
1.73513471943154,2.68316102110613,2.66880176349913,1.00393211231868,2.11760877161259,4.88132899766341,3.86266369580373,1.91314691148816,4.0517933873154,1.60663816918692
-0.129757806816886,0.634944906781817,0.869843328311641,0.546760642621217,1.24176802737417,1.85394312001019,-0.388037677863234,0.011136244672199,-0.443955603106716,2.02426266304461
1.23538852330234,4.20182557899012,2.47914904225643,4.46914655206219,2.91815260784593,-0.246745522587576,3.22230064356608,4.08581785010758,1.59522177997977,1.1891765085543
-0.421651984588893,1.13401097042963,1.79787868036098,1.12463106166808,1.84074132508497,1.34872060888388,2.74313209413502,1.58559487948401,0.713685371591062,0.359732582201499
-0.114599305912801,1.33697061972298,1.57473478383324,0.821959309805999,0.365850080561201,2.11112665366948,1.82326364788821,0.698819191408617,2.33664315061419,1.03903519152921
1.3135618879388,0.831308287298303,1.332325105449,1.85831934517544,1.15907048035878,1.80470379378244,1.45620982073249,0.957090104824414,1.34017004091128,2.30519911664004
3.92668532901017,4.55632070161838,1.49342648209321,0.202072662615443,1.76088483667867,1.6461330020452,4.14607039660139,2.60914186346075,3.34999006644358,2.2634577946566
2.10590921185185,1.61556636236469,2.6071241914474,3.73319942380427,1.83231516446777,1.21873355368638,2.76329092213019,2.86116044650585,1.91980519987298,1.00577703380797
-0.0786129490514504,1.55443156168685,3.10620177194027,0.0833781120857897,1.05228929806303,0.389651580155928,1.93836583340441,-0.804147335147791,1.03847684105111,1.8335813626387
0.850279223140211,1.44072322076636,1.46038765949728,2.43516855969525,2.35305356382948,1.82051462939089,2.2787473953666,2.67903224690218,1.20591095096744,2.68821448052489
4.43749983167324,1.79392301986679,2.59249592144363,1.88276035931593,2.58095927623284,1.90020023986697,3.78411504154166,2.07464439599854,2.28785671110832,3.09465869908532
1.21938660785089,-0.313024960913279,1.40748792823076,1.25678999414084,1.56781224027899,0.100994183731253,0.0386713577502626,-1.8042529253451,-0.247433861946037,1.7351163902886
1.10767331593132,0.187825397602416,0.204910672717693,1.84825267899556,4.24040683950657,0.418789447844674,0.87954039537237,0.510557562637297,1.02136989044658,1.61296899459646
1.55272270152248,1.28941716162022,1.05347159124154,2.36176126472666,-0.644298430539003,0.0793837923940971,2.86685003340947,-1.10011654584751,0.152360301478915,1.19081714534306
1.18978810005425,0.243352006294806,1.35436704411954,1.25411394137297,1.52757910978947,0.0592574881535389,2.10464780429156,-0.494754975355083,-0.0419407340159319,0.965915728235734
1.07905704252411,0.0198302531330578,-0.553832398983489,1.60017403621971,1.11256009926451,-0.0794574591304764,0.135301830303881,2.21881553089301,1.87533279042129,1.892821434394
1.10789889105206,0.0417339418603073,1.42157617457928,1.86214794420398,1.67429493874868,1.23729909604182,2.55133135043594,-0.637102269217449,2.15774378882685,-1.22314776408824
1.20630265398952,1.17441082392622,1.1840318906666,1.81970959443477,1.13739117870584,-0.392297012804135,1.82781412799294,2.55925740921813,1.63726989997853,0.863569020546089
0.0226697593351846,2.69520690078922,3.26058898797776,2.18341169135081,0.255857843818726,3.40369039094223,1.25639538651276,0.405706339032995,3.24111294647739,2.16403951027737
1.26285293579883,2.26111697359024,2.39042532357784,2.95841081836724,2.63900074174856,-0.784977258120715,2.40756316136861,2.51966527090426,3.44458253076779,2.33186470329276
1.9140296036653,1.10983988873659,1.03507048222683,0.630615414175854,1.46106851264791,-0.726003148351298,0.769241967414271,0.234233742941203,1.57678825065652,-0.69192396699793
-0.652716798852083,1.74508958419923,0.834686511946671,1.95933987655277,0.305120252550461,0.147281922575448,2.097592179413,1.39415877037955,3.58770120705492,-0.587978100623826
3.37926657679823,0.371787289027936,0.076926492626995,0.450633605892401,2.23013381452879,1.49292736160539,1.05764084101414,-0.814964944459074,0.231362017929127,0.942955322000885
2.88604791661018,3.53465304958631,2.33691205014777,1.05994730305911,3.76300971063997,3.72975955293132,3.81293049340114,3.58869589194758,3.12758350614625,2.58738118983458
3.2172554584969,1.09950618659209,3.09172949778227,1.9413427626679,3.15399422300961,2.64037347406833,1.89648309619672,2.78905109881327,2.66640241427784,1.10472937764374
3.22202101746885,1.58857219966318,2.95961652304639,2.87395675448366,2.44644302521444,3.96771975702875,2.29702096129716,3.78585647367755,2.60942420791004,2.16751896827825
0.292272589501534,1.29317775491117,1.37176814658172,1.22778940900612,2.14532015069982,0.309309727303149,1.17608340468134,0.383752218634761,0.315842531699994,2.42100501845514
4.47349861621125,1.67152376499065,2.46305355353627,3.2204179604263,2.9851324232156,2.30770934629548,1.62778085995233,4.88380286197459,4.14333259840424,3.44970767480444
0.462518799547682,1.2877149058222,2.62120753408999,2.49225980199985,2.56903085240603,3.61246062254891,1.72809733141658,2.52827986307543,1.71623838022461,2.58786124941678
1.84091475808621,1.71207764601306,3.06767148716555,2.12906831194991,1.59502848031479,0.954006534108641,1.53656909061925,2.46923103958776,3.39282550990554,3.87498403494772
3.59181754473589,1.61671803984311,2.86239252773725,2.1940862254649,2.61044179130923,3.2760055164071,2.58006724894249,4.19659708990251,2.8214647620637,4.09239686355787
2.22400085140083,2.6907004210149,2.46262019796131,1.2600410606489,3.0381271777719,3.34579152936265,2.84444920494231,3.02956327738351,3.71293526657056,3.77889357862398
1.68035603570037,3.78062405894862,2.42337177450544,1.78087135868664,2.96746672651025,1.39765175426918,0.05615836659425,1.58967472166251,1.79948019518864,-0.079951827096548
1.11661319764113,0.953649140624548,2.10430124144955,1.59356308602105,-1.26570944092779,1.38432682213198,1.08038028139781,0.239730562483279,1.62786298647843,-0.650775364014921
0.35369164210404,1.74250358788584,1.66734893809609,1.72410903442757,2.22631494152556,0.692241292815731,1.42261447013861,2.89837348392195,2.26134471828817,3.90644479728834
4.01277201318583,2.57666980616997,2.78045131672947,1.65310302739783,2.45842398508086,4.61969039042946,2.45745043011415,2.44753410970817,3.66998761283623,2.64590805723351
0.607893652468545,2.6986097990983,1.16326540371265,1.96648904734758,1.00963576005282,3.79608774941704,2.84159675289024,1.8737669611771,3.00959464471707,0.289625689034016
1.54887402812347,1.7106815307414,2.49052869765822,1.56253603398962,1.94807167272318,3.21848085743213,0.343299415113623,1.1412113757955,-1.43777599639663,2.42275658049658
3.12638909429652,0.434768251549652,0.777951378526559,1.10558108135782,-1.47800831804816,2.68496130026161,1.50101351081671,-0.62931817078483,-0.35128424998073,1.69616978700283
2.08507764269097,3.37341279405581,1.86079333347053,2.35559226001337,0.809884540734041,3.09827408735658,1.07187506633853,3.21227481811014,0.557882481743902,1.91966342883401
1.60534207040233,2.4468469158684,1.86828469273765,-1.01674508257871,0.706743019713096,-0.622603070083755,2.50222744646978,1.60463782640051,-0.893974199299172,-0.0202300328929526
2.10227099903679,2.84947074589939,-0.190933563005801,3.06442668764315,3.69417772036416,1.29278926323051,3.03630044778165,2.35880929747797,1.95043897822154,1.25290335182655
0.552125445031723,2.18519828035895,1.08679177462649,0.375470525117237,0.164871809205889,0.915691117139183,-0.393029613593968,-0.038161275896387,1.06852362844908,0.190421346335184
1.19303898575028,2.03798638945148,-0.515750766077624,1.60974766038135,1.72162400970465,0.538122829231929,0.618150023313536,0.0378270394255534,1.13302543331829,1.3917073193656
0.678074906908363,0.649756490889777,-1.09055134243863,0.420987262363963,0.605800108568608,0.33440489832813,-0.437103678223777,0.250045894162215,-0.890568898655275,-0.532382354218414
1.05589655989629,2.84233890279509,2.99009834691462,2.57311726604046,1.66944798282552,1.42113814582442,1.99824705409207,1.21201612374554,-0.499251347033562,3.62910117363117
0.167490386745468,0.308289226480185,0.982936613245624,2.01623282855778,1.85926076453693,1.4551838829253,1.59469723858225,1.63811933234122,0.349387119309221,2.97052796482593
2.478145683443,1.69264372302933,1.67360845168408,-0.0800830921871774,-0.282096439916247,-0.488506585561785,0.367395980455279,1.05983626910532,0.944220399888935,2.58558660996093
0.663802467973513,0.387826328948189,1.47727679429977,1.85258585596859,0.829893012221143,1.99639123593158,1.497016613024,1.56999490584264,1.29248686004065,1.44066946444816
2.76668400478274,0.721029793838419,4.3496477812299,2.19853441933488,2.96829491758236,0.0589464504269881,1.57328819796665,3.72032248902442,0.948117733970175,1.63620832650145
1.27987120125022,0.117394590453442,-1.1991706101755,-0.265942170930414,-0.494572822279869,-0.645661209724627,0.653876557965825,0.549484913465559,-0.669026085062431,-0.579082837269244
1.02386498856167,4.49076184292225,3.23514399330251,3.97995939195546,4.62991957437979,0.942186806278741,5.26235870911577,3.85651858497062,5.1474201396082,4.35210319042493
-0.65620736057506,-1.41000911025437,1.9681791728193,-0.090341838812005,2.64067626576099,1.36969273694221,3.18910673063544,0.944053459439733,1.68499190685898,1.514504826295
1.85533706517256,0.230650714709873,0.128191336966554,-0.522621460468632,2.84453808073523,1.04174909338883,-0.499632657345291,0.415917918173756,1.06237283021145,0.526027743237394
2.59728119356054,4.14279317318119,2.00888006486154,3.01108004746751,1.83726612813609,1.21355942370086,2.89361784023423,1.54740789518797,1.51774493656969,2.378481239888
-0.470223894926324,1.15955130359604,1.02002254995416,-0.752155428176469,2.52424276152262,-0.189405541870272,-0.355935742766929,2.04380793207836,1.78838738776772,1.43742038218447
-0.613600297562714,1.06587175700935,0.225525520167332,0.708589019665958,-0.364160412819886,1.36536636788657,3.11018820751437,0.474577947269783,0.668895690808314,-0.17966017843085
3.17825796681918,3.58158692164273,3.75803860603143,4.80302917684103,1.81830409637147,2.79230216036783,2.37070158212803,4.03036474875929,2.75651209031479,2.35484861145611
1.36703981046232,0.603618402396511,1.67755239418617,1.89600042208377,0.234147909801103,1.80833868623205,-1.03652248949174,0.551516560326152,1.4896109917126,4.12125826044151
3.33713045448425,1.27333987944556,2.05683861685186,0.334482567697582,0.395353971824625,2.61355240245634,2.90575369786627,0.64291865773154,0.653214447952251,1.34847471419822
0.510350552118454,-0.39544668084844,0.754538328787589,1.77375978360136,3.31494789952868,1.43870789978263,2.09276763549254,3.30928887254176,1.33907849023645,1.71856003802403
3.63143088951019,2.81236112744063,1.82676056795498,1.94899436353715,1.61288649515065,1.21167121415663,2.67761033093763,1.90898557945541,2.42624989447931,2.39105284514924
2.80014306841523,1.20136374876747,2.75881674588639,1.81687242835209,3.62164264159471,1.87048681477645,3.67291835050191,3.95549461620032,0.533004189475426,0.584827276877381
2.20881905684249,2.14452446921731,1.0373370913824,1.7526975460971,2.21631845017337,0.162464212128978,2.81992583838628,-0.326457405173473,0.791145252697042,2.23220275580571
0.989710416169809,0.790329426541544,0.348139573944778,-0.647084802299593,0.353648684983821,-0.70554767754312,1.06953610999004,0.662033617588429,0.690101045013369,1.12922392137655
2.47488212060368,2.75106564997866,2.87034658828866,1.5629360336132,2.61786950997725,2.81552132685707,4.08507002449768,3.30562410903214,2.56689575769427,5.29093288344141
2.91694725026415,1.59442446530785,1.8523302381823,1.40735224895382,0.884229132223899,2.28715872631013,2.43274780937864,1.82879795570863,0.987847027525958,2.00855931640277
0.662567157637354,3.05020198878542,2.60327535624778,2.75700328448049,1.22453056763669,3.29048299773418,2.27578115019929,3.87023824226456,2.60937860994492,3.71336631443533
-1.20623297863937,1.80877846620239,2.87822019285162,0.949138087398132,0.18827893360891,1.69727065408442,0.514830642907236,0.0507058692223143,0.482444458241103,1.03768549450364
0.815487786204049,1.66959515823412,-1.21453865058421,0.575006537085285,-0.682664650032478,-0.0723813654535939,1.91746462828504,0.248813084732321,-0.103082813067285,0.584488155826909
0.0851878702657951,1.4686504697666,2.21519644350152,1.2103159081313,4.60660915545901,1.51323429819604,0.646480610912558,1.80400267765861,1.17423973372834,2.87910933288557
2.57031794853283,2.95729102477882,3.17129745285751,0.845900612846379,1.93010118143921,1.05548992768471,3.67909359321065,2.36317972025186,1.69254259202763,2.11889471281324
2.29525945287293,2.96152773673308,1.80424476304868,3.69052480370785,3.06687859195902,2.30644515521197,1.84934175946644,2.10967495737746,2.90879354975273,2.04569764849571
1.83003559270043,2.72123477788894,0.891183160195874,3.25396823537201,2.42014097495975,2.7154794407691,3.62987601657422,2.72724763858086,3.299440366067,3.6350001555126
0.620383240674448,0.845619128733448,1.90203427810128,3.32431928967855,2.88918376119085,3.27029350890696,3.04824093228926,0.800117206566132,2.57386011043637,3.2080426399238
0.993146152240585,-0.596655214199018,2.5179351342177,1.73858415229844,0.654840858767537,2.96075176820951,0.487564331078751,4.82436149325626,0.0372737932312075,0.466851723938792
3.3974572950317,0.524466448621915,-0.0646416740129963,0.679882566877035,1.80536465519372,1.34757780348269,0.36519940966307,1.16384997299858,2.50824046567701,0.726304910041512
0.509302554814024,0.493124763682825,2.15452997972972,1.16213874294222,1.24947933509067,2.38929826117792,3.3362284739115,0.637452615725262,0.299001767252544,-0.35512058492093
3.97880363322277,0.981165455542627,1.47815036960554,2.39063431670356,1.85591578179729,2.18254787347556,2.65725689928558,2.16293933107678,1.38853277798054,1.19518023753481
0.622500890254597,-0.481612520105687,3.02360514125061,1.30670199320899,2.49729497988586,0.79714032332068,1.72168324789777,1.42434459979802,1.86393273155491,3.45121588219092
2.78631856810588,1.48588941057486,1.05735996201211,0.441555207814046,2.57885430231298,2.27842799948325,3.44229448292736,2.17072938882163,3.10341070363307,2.03284814199464
3.68897745604878,2.90029771552644,2.03638261763412,2.37814990065241,3.59505443277547,2.87472670518504,3.24991729743549,0.217615355210641,4.45418850001793,2.05801197948581
4.0554971012287,3.26132514788149,1.52979382395845,1.82258175006221,0.936636993439612,1.88402794738583,3.01695461026257,1.68970063111628,1.56480363446915,1.75151897373026
0.68290987352088,2.77227385915561,0.941937161919373,0.859742091467593,2.15033343626546,1.28012233083492,3.25860393031052,0.479637688967327,3.09390342655147,0.229907042284042
4.230152039258,2.47114192759905,4.04012424141614,1.36448084164919,2.02780686271537,3.31510044844003,2.94004592304015,1.563529550385,2.8700515393266,3.24259631224304
1.10146781316664,1.9110319340492,2.51999048498291,2.8724450331826,0.474873561766206,2.15011492245597,1.55997839985493,2.47795555929137,3.7620330638855,4.28425124677913
0.478188059631814,-1.33260024784159,-0.19571609146182,0.750900752974885,-0.0952621913543833,2.22451354810193,0.844225656709997,-0.192723726835966,-0.247856721777941,-0.918343256390416
1.08438438763995,1.124355799535,1.41819567556344,2.24240011928033,0.415247577853648,2.21165521954664,1.99739019005726,0.670677131098672,0.736406623857377,1.50390182703078
3.67447366662433,2.19709046599563,2.49835852488725,1.7850985591708,0.731536171812345,1.12151525124789,2.63502212186273,1.63947013668822,3.67227405391334,3.30618983299208
-0.471892557654525,0.349556794678306,-0.0420150093573146,2.33482097719125,1.08719847176316,0.643320900978629,-0.29616470216674,2.80472293121183,0.215559003331391,-0.0590522109640113
1.78147044526615,1.86388364917822,3.20976803778199,1.05753814927671,2.95289165282914,2.84830120241956,1.74681233983889,3.39751919487768,0.460949306562624,0.768609000780677
1.46340700005427,2.19409111376286,-0.396173445300592,-0.642091962845633,0.696328282147235,-0.546713767494353,1.01400277428943,3.17411975997071,0.141054511544383,0.189948882764683
1.89253106499057,2.26053980385901,1.42773992219329,3.21977892677047,1.75008632128334,3.12705678625008,3.84908011440373,1.46239624537691,-0.679522187714863,2.61916312310895
0.672553918546665,1.90974056233916,0.108240067945043,0.875950734210717,2.14822841827663,0.128827242611334,1.72287743634431,0.593759243588813,0.532451162788244,1.09092276595507
0.489552109386622,-0.344199959327073,0.73712787964923,-0.210057957377822,0.0681462199782597,0.385762613787987,0.298555713187171,-0.388695324828093,-0.489932321067447,1.38894814258542
1.08033929162312,3.40038339307247,2.44650443234375,4.10176643375288,3.29729467686932,4.80298429534218,2.98839556056557,2.58608747467136,0.720830813793312,4.35368841579249
3.60326747382674,2.56595680076051,3.32920963986209,2.64700170406439,1.9341091553962,2.04423510757067,2.2856846111961,2.79187539082014,2.68624477024443,2.73696880030293
1.11211708447821,1.31685351361362,2.47215509457132,2.37716738568758,1.02711893998006,0.242944966725699,2.79508189472769,2.37142392054545,1.45628235088923,2.05638458296108
1.55443409028132,2.5821772145248,1.99912309044906,3.15706154404577,2.22267880593943,2.04944286609694,1.53080315442507,4.14611453409797,2.51291944658247,-0.340241789352969
2.7606980215409,3.93573718460607,2.68376789726762,2.61824142814875,2.75423823762298,3.7325651105492,3.53883958247618,2.30540777460586,0.839785635721993,2.43546289508285
2.60211403017044,2.89150884706784,1.36105893584679,3.99816127945434,2.56351554339486,3.41415890781493,2.61272391685599,0.926207239338775,2.20770388905522,2.98338817116465
1.33841428026401,1.21396053109686,4.2894966692257,2.75135997492627,2.67054359219012,0.907306493343184,2.60965319859042,2.25291421582827,1.59575360889722,0.0800412594243161
0.297796801409311,2.04055299091446,1.6401726030612,3.5846109515499,0.704752497314668,3.27041462140909,2.20749715860986,1.78825674960345,3.4560824100419,1.26301526443834
-0.604834595656319,-0.303389021916504,0.614185480783573,0.451122174090248,-0.79852542176812,1.94862492560739,1.08959979833582,1.62777275397513,0.911874077658393,0.0051787049125257
-0.685471570671054,0.487833321504163,0.580417262579639,-0.318994902489647,0.197838995585775,-0.478458506639847,0.447177303941216,-0.202895330712443,0.89536842165534,0.346710611667864
2.5607117414826,1.09621645704333,1.52317352961659,0.184205604519314,2.56783203273194,0.321956648175271,-0.816093702491308,-0.113788442787091,1.0202211574664,1.00036905388978
3.10588169832667,3.28305187787562,4.23580525698438,3.28013679258609,3.73552673747031,3.92308535379661,4.70977353680634,2.4604118483073,4.32304259133462,2.82483950124625
0.503090619368165,1.71013594456923,-0.0251027966349093,1.21870791347128,0.763499494273273,1.46853981892533,-0.245632096945612,0.468294307330588,2.06111257157971,-0.189907094959443
-0.12992987431913,0.779478218870401,-0.925646421640466,-0.328794261928655,-1.1694459987861,-1.13450016074275,0.11408106393084,0.467378512765711,-0.0184960257454699,-2.02803320799419
1.4071201295139,1.00657839567949,1.05793204450518,2.21419618795829,2.65241271469113,1.62700516724747,0.824768748593433,3.87785025401413,2.30123696121207,2.92742147697172
2.43815564792612,2.3496023048713,3.22894300132424,2.71559187126771,1.88557222446293,1.41600055390547,2.54042550763666,2.67618870901402,2.03748098846458,3.11460234986412
1.30340251343683,0.534772524316667,1.10059867051823,1.01978269771405,0.881955081918726,-0.288961942577017,0.645235676230554,-0.899742794323173,0.692114475936171,0.356436722433365
-2.1075393035027,-1.87073169549188,1.2241558727666,1.32147617575901,0.441173627963132,-0.397092458074891,0.131986346479168,-1.19004746924012,-0.92667561788541,-1.4070710298852
0.936411087648811,3.22258123006961,1.22282504681201,1.96148778893775,1.6399347794936,1.03701892740657,3.1764186128122,-0.868983977026223,-1.05401101035114,1.14203418859038
0.521393673055745,0.798374733016574,0.857836689848417,0.235622813785465,1.31091130336298,0.534907621456017,0.691889557721978,1.63054101184056,2.2819863031223,0.416040360475538
1.73538675193285,0.287229083769605,1.02170465953601,1.64242021262335,1.62693752769216,2.68826250444467,-0.125448446600767,-0.516880558947101,0.8593180292149,2.53799133781013
1.96509123066668,2.88842550152835,1.80906425867269,1.04836981658834,3.62312026327011,3.07604007959785,1.94914919903257,2.62998546594815,0.942827461302453,1.78161328644102
2.8659802261603,2.14426556048349,1.66748759578288,2.15260523257756,2.71119720042209,3.79575641661775,2.14577203891197,3.33532354217118,3.25527780839325,2.71541607704595
2.83756476096488,1.54590428958347,2.751888404305,1.87296321412266,3.01770666648269,2.25130572829715,2.74613831851369,0.382123471425943,3.25805623129432,1.39640874980412
2.69251176683554,0.503815144295073,0.434250027921527,0.437292736163218,0.478053603514904,1.01331527386324,-0.184127315166207,2.1012479118864,1.35816302930312,1.4395437068349
1.86626365032346,1.5758219234249,1.17900533677757,1.95448790119433,2.51270306943218,1.99785025464201,1.52529522392563,3.23901205261729,3.42765116349048,1.77044496779444
0.191700636222139,1.27816213993159,0.837829648996145,0.182249860665438,0.583880504658624,1.20404376523215,1.30908371252024,1.60899189773982,0.631320798148496,1.02506807137757
-0.49202924192506,1.65990852098751,-0.0825470416805278,2.89312855862277,0.160125223023455,0.531666308582881,1.70651605171302,-0.746191873342607,0.250525034264706,1.40635641453194
1.97859446897194,1.0642492891721,2.16008088452977,1.03026430541709,3.05652137009748,-0.662615517624342,2.42129720314233,4.75512315331454,-1.07705760344992,1.59247332036196
0.242575076738148,-0.141137067839087,-0.184580584173361,0.506382199388377,-1.32458894353424,1.11742454970242,0.185511155687904,1.48831939955581,1.38589454782036,-0.359164209855794
0.266184794116508,-0.368101995709575,0.320865946697178,1.63730547163306,0.316585861852088,-0.197150367614313,0.176363651368771,0.591699195675507,-1.32599593374766,-0.965800007138118
-1.49963647242618,1.98587710771408,1.29983817478441,1.5610139875728,1.33221441567765,1.82997587360688,-0.413524562935793,2.24245333555348,-0.807361886786849,2.42231163717266
3.00996062836405,0.0448809283970574,1.90238796231783,3.21472828847677,1.58010056016202,1.68800663862985,2.3751899140897,1.83349810034315,0.240160499802387,1.55928502277347
2.36699394295131,1.48548217180679,2.90098215564669,0.529585951981027,-0.0318363437399252,2.14218567159525,1.50683841350637,1.57858097411158,0.744384778357294,2.43036854438156
2.8024687883993,2.76783312119429,2.80247797825598,2.97034612887724,0.633984519452581,1.06875843705341,1.18577155617299,0.911778821751363,0.344880434548632,4.15062371360481
2.14591480472503,1.78592069353745,2.43931425647916,2.12574725287431,1.75422028195058,1.49198362142158,3.34743432107987,1.99330319153881,-0.340550691406627,2.85181677658673
2.18103442309832,2.1438185064338,1.9833332648279,1.54687873379706,1.95500859424343,2.3789684757316,1.61143840749819,2.54836786188459,0.536487425227326,1.4986241721041
1.15041445541595,2.24610155348494,2.4463799232528,4.30416255561657,1.78428722496961,2.06373577658823,0.719106776036833,2.05893218724689,2.49365432211254,2.61969450112924
-0.961478661450287,-0.516390038528044,0.31935692779343,0.753348439816529,-0.0965344637149997,1.88655893939068,-0.0491651375957794,1.14849280636207,-0.455060044322852,-0.746835409486658
0.465010637903871,1.05759997307412,0.920134519763835,-0.555475551134538,-1.01515243618863,1.61954103667161,-0.0962481285277121,1.55035434310394,2.84245363084756,-0.782657424561585
3.67542665853454,4.14646649772995,3.05632194719053,3.60778525913182,3.51194063560817,0.0870110157635229,3.35218540108908,3.02547829882018,3.11511989670656,3.09923196630113
1.04730426832517,2.07472600369453,0.906421344732004,1.31043357540555,0.633254349111175,2.88358260735991,-0.598108264433399,0.855966182330858,1.76068930962986,0.910752338135892
1.89910589366578,-0.803825732254784,-0.15484184209749,-1.38704545650891,0.903225305603821,-0.802972798809134,1.40064592389373,1.61512895838944,0.221497107085531,1.24064060229076
4.65649641321771,1.38084504861037,0.599263131988524,0.297291204313813,2.1093604460895,-0.163391606751114,2.25586795290893,1.74576099376516,3.9090820192188,4.4063983416123
-0.586926722433698,-0.0967941918069748,1.72714768285301,0.634997557483698,0.929688729500682,-0.345918069580519,0.389177546041412,1.87023276145273,0.15213118545391,1.69956807214065
2.04760954381775,0.922626111932433,1.16339239165832,0.93501957870138,1.33486438902065,0.210563274507175,0.580706436255874,3.22503103519739,2.21725949421981,2.06354412629324
2.38219672172759,2.6563004922016,1.66040676563271,1.74072407919126,1.6578443468385,3.15992370634388,1.63378202693505,1.5867365859358,0.361980615073993,1.11682638685118
1.20734821665892,2.77107465679467,1.08643501430259,1.3921045111185,0.958289284145655,2.48778900622512,1.67141255957736,3.29550923398003,1.19213699263204,1.49557356114023
1.69355751537026,1.20860833028622,0.344119600301708,1.35350636966093,1.66310793348652,-0.0174361134732954,1.91400869052676,1.15667246479892,-0.630430167891329,0.220145281254099
0.437675793932278,2.06426207681464,2.18371023508596,0.674623897218927,1.46394027891908,1.40447550326367,1.33398257131649,-0.5618965590533,1.02015767373521,-0.308543754651305
3.8975771055357,2.18505158962186,1.39542373909226,1.50424642081109,0.256019705141907,3.09617022211913,2.51101544674764,2.18321272584149,2.27228124301093,2.49831798383896
2.05244902978568,3.06196349138247,3.25479551374982,1.3296790998622,1.55763183603172,0.0362659103776108,3.07712394815027,2.43063715391278,1.75357820319418,2.65803428805602
4.28169055042655,3.53050505170772,3.52486945480607,2.41397968488912,4.25741857527864,3.02741368069572,2.71370919421386,3.29962110481833,2.9657364179145,1.29369778114109
1.48459755809787,3.00680815315544,2.91772911009251,0.426785560852629,-0.0773248956177319,1.62030308655524,1.74293298297544,3.90087711166199,3.74490438772568,1.06288160842551
3.54611280892923,3.58264059112287,3.0738339961282,2.08433641716372,2.74612200101455,3.37476909467748,3.83053637084819,3.8375890545863,3.9362308917008,2.08411056131925
0.456815319733767,2.7686986735813,1.64336707326852,0.726470856469708,2.49035303394943,1.85456044760308,2.29385116767705,2.30610007158029,-0.279935935446028,1.64252999958779
1.7582663507572,2.48097572591164,3.6706943899542,1.43455910517481,1.25486948195169,2.10459954696475,0.832147876088086,1.978896415121,1.44823181594707,3.83915011794196
1.02014780646013,1.82826080754089,3.5723400826009,0.0341518656451569,1.88280238932008,3.20779485737602,2.08282908210096,3.53407293890653,4.35038285027341,2.09204407964512
1.02636281323361,1.94975705970994,2.23219954780039,2.1930347634777,-0.239281935886445,0.230784591088405,1.24105227806713,3.14646142101164,0.597395726119711,0.386639806644773
3.57068260969287,2.6218755327685,2.20306407352528,1.6930884033032,0.282334512380551,0.95486297072575,2.24224756489623,1.89816189318353,-0.300440499539362,0.690913200435747
0.569536977360964,-0.0190698372903153,1.21583549576532,1.65164815264228,-0.735217506981287,1.05005346362538,2.053261842962,1.49029854641554,1.98482438405808,2.53729409712147
2.5162551938039,0.593672443248417,-0.474078090449804,0.488208607746091,2.67217715293951,2.5911406397038,1.02231422010235,0.634861863152485,1.46821618631551,2.29593670854109
2.95941496516556,2.28937563795127,3.27602447754591,3.04388849815605,2.50209258488632,2.76578790664412,3.23940912883225,3.8791501964989,5.58789891458925,4.69750783863059
5.52287340872803,2.64385436967101,4.019231781542,3.22249673518951,3.77359180687061,3.45798718979177,2.7696644922641,1.90598445625771,5.04578810019168,3.31718224494485
-0.389776648264534,1.33987253107197,-0.315566719744568,0.281780613130403,2.2667331738291,-0.0762084687446417,-0.368984065284803,0.431041847174758,0.25333180463814,-1.640566229042
2.66559019836553,1.48615974826333,3.39581520185521,1.17465902343351,2.46771227360867,2.60614868478588,1.29816974961505,1.92180954259654,2.27298916670386,1.05663863189873
1.99920114664559,3.16527357670165,1.41006623573176,2.87293119028722,1.92346204242385,2.66962283304037,4.12397184753022,3.54912197475413,3.96600528319795,3.80303767920674
2.04452785643528,4.36359370319597,2.66754566972823,0.930539361397749,1.84870874574175,2.32930545233994,2.28560112062515,2.58010867686139,2.34532926345157,1.94885062438057
1.2633751893345,0.268574524749856,3.52763807910886,1.2829817605869,0.834302012889484,2.4319718668684,0.799485649185402,0.840682766180822,0.224949239436373,1.78056740216475
3.39156196148669,2.70618060243396,1.24372035229505,3.00030789807916,3.9315262504251,2.78945044762311,0.429553925683696,3.18659124929064,3.11335208690201,2.04323170598777
-0.381663385056223,2.30221098090819,0.772161934543377,1.07796023787063,2.16272306267781,0.0362413461900528,3.24111822377078,0.601563298630424,1.91157754852966,0.261335243760362
1.23906312207838,1.6413038633312,2.48660818107978,1.92994582110948,2.37316763541576,0.943819439467434,1.32107022063557,2.10361608632486,2.61912857602231,2.9247616394518
1.54320857948762,1.67612456341395,0.642387970330955,-0.0761581059327265,1.47756385961218,1.76965465303071,2.03578037807157,0.699614279805981,2.20091011597923,0.683533819277076
1.47141311344554,4.33143241712828,4.63791538676103,3.93773551352583,2.2211992605171,2.43388756626566,4.09098999577752,3.92791540623263,2.42518547095938,2.62449821078303
1.08045385498154,-0.180479533243052,-0.425838375518653,1.75996942172659,1.58993986356387,2.06033688578561,2.46669382438616,0.235167441904029,-0.6804830130029,0.938745865982102
1.99844218915098,1.5657779276139,0.44936959127598,0.927123594896438,-0.992349305870705,0.240758994953695,-0.471581814237902,0.0148177477878644,1.6226521391084,2.10298884093889
3.19606741076506,2.37481776725042,2.22961024613011,2.47065350326546,3.01709519021389,1.83444942954186,2.79115957180769,2.31501941768557,2.42741325317296,2.8976003904091
0.39811140058591,-0.87656700624952,1.85641832049552,-0.763168677956602,1.18880183452346,0.39535755295586,0.205641312540568,-1.71745744120946,0.417167283835188,1.13717689112299
2.03182191220264,2.00855131848077,0.549709864339994,-0.94234399358691,0.254207003318758,1.81414891505837,2.53829432471324,-0.761352790649088,-0.497349295615551,-2.00731087766355
3.38219555583608,0.529293293604055,2.72641365976004,2.6339608460782,0.98268053068935,0.395221684339612,0.431661970117615,2.70749156006866,0.833813271396532,-0.909430633062156
1.37973857565345,3.22657936586654,1.98767592315544,0.894639762870091,2.60435919366973,3.29210610930728,1.37560820792936,1.00715742766908,2.50992488444545,1.70773534509368
1.76609709469162,0.723377211723147,1.69849524478801,0.875107251768066,-0.807680260157319,2.22138901042258,-0.284107479953827,-1.2201470658545,0.503049342846078,0.868559313203875
2.20913734135841,-0.440581344037456,-2.73575430082665,-1.03074351214677,0.971531519168029,0.711787314826347,-0.917898493544697,0.671839255500154,1.24314657643017,0.362369296689039
1.70784586891739,1.43811064050956,0.0316115414048609,-2.04255046518834,0.450179471748836,-0.278968249305155,-0.338201272069925,2.33653109025298,0.718831052752219,2.06454046143857
-0.314065857275954,-1.01850205647677,1.10579597246934,-0.271028997971476,-3.26725262033931,1.2512574336695,-1.2582978632277,1.30631379406152,-1.65328704497276,1.00350238039031
0.173817838751711,-1.11791868770046,2.11374120657051,2.27273632724839,1.40933524191036,1.79441299186568,2.23692981695948,1.18912148764751,1.77059207371896,1.64973108242343
2.56154892757203,2.10215332456315,1.59798191918572,2.44000988087574,3.63739460159231,1.84778083089362,2.40421041911267,3.71479282473668,1.70391661844144,2.60771604840611
3.68000338724086,2.86264876013362,3.71341595587544,-0.378186951853427,1.27211383178512,0.943357112031298,2.90222919948883,0.91679890977505,1.81278940188566,0.509163881666267
1.93428063351113,3.68727896249216,2.94083253950069,2.58423333440474,1.40031553464257,2.37659803465899,1.37103647532939,2.23856802602335,1.1078991457373,2.1043783610532
2.67234983314779,2.00714575882978,0.238693553071858,4.64423346375349,0.941835101971539,1.8946266343702,2.02583139401996,3.31893818562936,0.95163671679337,3.28374002820268
0.889545095390744,2.16498865534711,0.193003311248067,0.131997420294445,2.18537916089947,1.54088271915413,-0.761969921944678,1.87747171521585,0.76754912904102,0.462972518410259
2.08800572775816,1.83641511765891,0.696169884957317,-0.120064961808044,0.322347387013386,1.69206531349777,0.576021596231052,2.09084877400592,0.0536128513349574,0.98243014738438
1.84325396808197,2.48573492812557,3.61821527570144,2.49906430155876,2.49754309838135,3.21530286036702,2.71368639642999,3.14655648474081,1.90365547397683,1.66503442842115
3.61664507638937,0.314206712244568,2.73581844889953,1.81418003516014,-0.123023773439965,1.64710332131843,1.73486393169206,4.58561226559505,1.74502075398248,1.71881819434369
1.80277935096907,1.61037600462464,1.08542981528523,1.46071316530132,1.40115257071129,0.66621922666095,2.33386701918083,0.122779018426155,1.78888686132446,0.776856561078655
-0.075131265826025,2.08791563951104,3.7175769621378,0.954158187536448,2.45184058051356,3.16753731758974,2.62452410594034,0.80857438216904,2.64336699537428,2.8996318165613
0.905138157963359,2.74390912117677,1.49283532121739,1.12250839003293,0.345870154177423,-0.174960210670107,-0.89713807528436,1.47108924482648,0.592034449186076,0.313877461032346
1.94288961124769,1.47683280054323,2.27227408617765,2.51114253237848,3.38277150971451,2.18148967310621,1.32153181980237,1.26961996283479,2.15280905157215,2.67171129202787
-1.38493015153094,0.454633631155881,2.03033884809126,0.23729371859654,0.936321739864385,-0.779139400492538,-0.0542443699386224,1.39166107027882,3.36077163483661,1.3471612417565
-0.25811602385194,3.47902498132944,0.525935734281765,2.96561343391073,1.4228458237276,2.05783840366318,2.01744977717786,1.55497102187147,0.922134087343653,2.68129576600571
1.28799217824141,0.484996000899386,0.247455559206302,-0.232523668366782,1.43134859638278,2.6406512222186,1.47135751126128,2.24988678640863,1.46419945747029,1.55806728693749
2.45642178636492,2.0288009168722,1.22194302907048,3.19004646734811,2.27197272972608,0.742109941082332,2.17959537005367,0.817539390535286,3.40751859597861,1.98652979078173
2.35350476209208,1.79424073873374,0.99822762000345,1.413996203194,1.54939159865084,0.761869384587289,1.21771701622422,0.0980564675346449,1.80694129654198,2.79441388519151
2.67131740771942,-0.309280041179076,1.98922590014511,1.06968462064971,2.17141371371749,2.84096483433039,3.11404389987326,0.665355624493365,2.25205314491714,2.48920931432317
2.16777935531603,3.84400449467257,2.98356848678779,2.77128633824464,4.05184993476471,1.88621488942079,4.92105266157991,3.24029198389986,1.23354584968112,4.49351259331499
0.900951886133382,1.07195403121256,2.20633073384962,0.309447046304562,0.202240474207076,-0.558843110274667,-0.13766092216459,2.02489012457096,-0.248250837586289,1.74783828932957
1.47563123667717,-0.263263032750611,1.3676850222958,2.22196726171993,1.14112682767123,1.77049256284176,0.35252508854875,0.0156447453385721,2.05484861239747,0.77904413443374
2.32291892614916,3.30870979621084,2.62679022169019,3.04517411924819,1.30725844656098,2.5981285072881,2.62451806844884,1.90492445050296,1.43603424143811,2.8869522156727
1.31021571375204,1.08359693613426,1.49921531645033,2.54482794506325,1.43461966869021,0.4428674164053,1.3862077039059,-0.265167598564672,1.49277799620289,0.556991806616878
1.54774057825478,2.11671748294595,2.84495040744865,1.13824169250341,1.73460015058725,1.55873172328422,2.33679423840374,1.98764884618906,1.60055713804075,2.17619749228499
2.12435346189974,2.40869987145937,2.31698759255667,2.07032134037676,0.87936906335811,1.52317707655983,1.10181650006586,0.817464877933554,2.08875492826126,2.77442058481107
1.36141318405453,1.70198614532295,2.55032859304001,2.99911378734028,1.20805263570784,1.47561511592306,3.44785301348626,-0.279664217636518,3.32251209156295,2.63050261436704
-0.227183166174904,-1.46967801078896,0.771975125409108,-0.0837140091624906,-1.59221178697492,-1.46012117027339,1.19914450681009,0.096213681905071,0.230925417181159,1.40126365825006
1.46622575361731,1.69259530341021,1.54769558525725,2.60883824405879,2.06104492091262,1.86780477957067,2.9581238756026,1.99476001101769,2.50507166454505,0.69590860917574
-2.3240067320809,0.985320067824901,-1.7000408983122,-1.27035845248416,-0.14245875130231,-0.188528578453425,-1.57979061496267,-0.785672335442804,0.479071359287656,0.212769321771289
2.55150945884656,2.30643218879022,0.442186987909252,1.82528987990712,1.99085295502316,2.67232700842239,1.53569954949363,2.83125471316907,1.79705031566777,1.55320100964246
2.58170599072766,1.89508978789864,3.97414461412409,2.50973371474923,5.77483564506677,3.73890429457455,2.79762161150823,1.95927424783732,3.21250413454075,2.55911513108672
1.54839479047661,2.96079834022678,0.646157593659337,1.86781192887984,2.94838359014438,0.201653847172737,2.19534578851726,2.7985457327113,2.23786153904792,1.69933492908466
2.45049207569433,0.563388775556086,-0.438784619601841,0.430104636245928,2.42575889034819,0.500697364063777,1.41251979826707,0.264294382262553,1.88794495861339,0.665674127036881
2.66101081190377,3.88800070394499,2.7085889191906,2.74785457769146,2.51603253882193,2.86498706581147,2.79554261208041,2.49649866108733,1.93692398039346,1.63171759784376
2.1750563485235,1.89189317299717,2.45879491956867,1.36525389208317,0.15551413314391,1.00560319913842,-0.449751144008689,1.8204381427106,-0.599036457382636,1.33207049004584
2.85239750180085,2.16994264574162,1.01942110471633,4.02317943467912,2.4286129482572,0.674810667366202,4.23364840855169,1.82683269830569,1.49336261879106,0.855488846368888
0.824554585789871,1.69562208001897,1.943026221946,2.30821346821704,0.514619697887687,1.80834653793889,0.405252105986605,2.98329673678537,-0.464109700480914,0.782784226758105
0.748932992753264,2.18267187878377,0.81213999248887,1.13894863623643,1.82454470648864,2.77146867839824,0.103882675685452,-0.88999815367907,2.38672955018785,1.34844034688926
1.51941313895362,2.78687693930781,0.949337446593489,1.28366100875928,1.91575025979749,0.174768800962268,0.494555407520547,1.72866731548788,-0.785219782772804,0.905402891680607
-1.070321677182,0.985675582653013,0.811882056569719,1.33071173439204,0.480278408907112,-0.166815747657508,-0.861312355333967,-2.25000301985483,-0.966702727355402,-0.652544790210418
2.01535173947509,0.460337658549794,0.490428266617188,0.990169875694577,-0.38046515941171,-0.04170334147673,1.65126910836878,1.12382891375056,1.61730782708928,0.234757177607575
4.11000117584812,0.818030594255681,4.11096814942487,1.97251909142966,4.58283360889354,1.76709239541835,3.29205157884292,3.1484008661168,3.40539823732749,1.86936853003009
0.958121287188025,0.199851985647586,-1.22302932102016,1.37656073801409,0.884208888139376,0.975920501562552,1.79209397922019,1.99444744416524,1.8304763332849,1.3291520009291
2.38027377267244,2.19574572658561,2.09534328293788,0.523405239227714,1.71530949391114,0.663733531030794,2.09687009045425,1.59091280263633,2.52591286115718,3.50092257459155
4.60611985371586,2.850001729927,1.98931668043739,-0.333523451313137,1.96890624593618,3.1756619891023,1.79105890646078,1.67017300497776,3.04431011913493,1.13475514682651
3.45304388485234,0.519285889235597,1.15584870448306,3.66112415406141,0.987401699991698,1.34763092046771,1.49282540341596,1.20423072791521,0.557812977841666,1.02707833632179
-1.43712925163673,-1.41130619021393,0.620927705834774,-0.51289442353951,0.921357054389894,0.605647278523391,-0.445853332866947,1.82956872892472,-1.1593018287049,-1.50307928615012
0.578528400927485,2.35043656425092,2.85305365823507,2.60347393591093,3.5751415165291,3.46569936678958,0.488590604560847,1.44096591859124,2.31946031526656,0.877325226488158
-0.189337752267045,2.06533862715507,-0.0324529028390363,1.08799561798768,1.41978186989434,-0.518565273284054,-0.82042553628139,0.229772944611054,1.10973240683529,-0.423368547327964
2.35654947866647,1.88592401630963,0.331913860788558,1.29276637309384,1.91323614323242,2.53746053907055,-0.639851731108362,-0.814676254992606,1.01197540193746,1.57237176756762
2.12230090381033,0.374000139464186,1.8011302465251,1.92891092446528,2.39561682551177,1.92848652968996,0.99945697592276,1.44833219993168,1.58946900320736,2.91748992618393
1.24026496609718,1.87809666152605,0.925020410067298,1.39643937166619,2.34956887201856,0.762440125156939,0.600452724526787,2.27106402086868,0.188095124693032,0.259752025793663
1.64484099503099,2.46866309538043,1.61486065528863,2.47302746378488,2.08540302593278,1.25791796262032,2.56017266800919,1.69183493671483,1.40155571473375,2.20910381690233
2.96637047867824,4.21937466033584,3.26693340906917,3.86035281319239,4.41911418998477,3.88557907524352,2.37165725570122,1.87808494896304,4.08512765162128,3.9512509180454
1.45027256464388,2.64693967744519,0.169948086504296,1.46633067377135,2.21639983694934,2.31253991364251,1.69452781062683,2.42949119039074,1.24626119139971,2.96829192144556
3.73262702925961,1.66122436692487,3.02004669911364,2.31197050838958,1.92282795356756,3.74407164904606,3.72206457274313,4.14257380488686,2.59172595562943,1.00388974490065
3.21239336437085,2.50218058643304,1.82979934741153,1.77357552390564,1.44853246636081,0.860795397901726,4.61326659120148,-0.746088455712711,0.111950565964111,0.824141057293524
2.61066327789833,1.92465243356343,0.489716263610592,1.4984879028528,0.7804187535542,0.087735739593669,2.23813229726279,-0.103550730584682,1.37242444952904,0.00898371512560758
1.02930080101992,0.170615679916012,0.676561901629378,1.33255377016083,1.80012729191015,3.41287655144212,-0.700996217993088,0.414451899602863,1.01951531386991,0.853767534341666
2.17147738875063,2.56583271708303,0.763910408843805,0.372385155947833,1.90523507810927,0.785412948209815,1.73027481450671,-1.86389110407753,2.03058905152044,0.613750530584137
1.14171100655377,0.153488250061403,2.25605077899643,1.53194117527813,3.49439222712052,1.59622182262113,3.19257979193924,1.86943022866149,0.51291270721649,1.57492693747769
1.57380707031714,1.59700952394867,0.0580526258051486,0.0334214712163063,2.02269024160444,2.75566678635754,0.328776160094358,0.727108332379404,1.17402041327933,2.60178741080942
-0.0148994635590938,2.46301560191609,0.39343592897679,0.063923644695338,1.16524451698192,-0.685171557363332,1.16821955910536,1.98228586810894,1.02958774896003,1.33307306307767
3.04639342058279,1.07791601163888,3.06334085905161,2.47722205144654,3.17860480657232,2.46215053161863,2.53998126673212,0.466465080081277,1.78640971851772,2.90730064551625
1.56246519382375,0.953153260243978,1.51726508255613,1.57277656988539,3.57934120058216,2.22423684705617,3.39802115532954,1.70406732488642,2.2927189180439,1.96631526182175
2.88945389530095,0.956476026468658,1.57380324978409,3.47565086465486,1.52784366240109,2.35894998918938,0.288223607028364,2.05750685268892,0.711949676309965,0.976970304207088
2.69496108083275,1.15038872105348,2.68034243327312,2.37532113886584,0.797427690014494,1.35725796767161,1.09001643659506,2.99916777349816,1.96775020442851,1.21034807542403
2.69824742515911,2.21834449764485,1.14810773236755,0.555822161834073,2.54658835219642,1.24973303591897,2.48563729730758,3.18098945433078,0.2766457425226,2.25612278495083
2.29543096183758,1.66674329160944,1.11819589358488,1.34774322211235,2.40949977310838,2.64336457996037,1.27828468462973,3.83749854583295,2.20466633562728,1.19719090736757
-0.0922858146781063,0.595489168424372,0.891452008192388,0.899638135065666,-0.289569869540633,-0.00137614608123469,-0.407183449024748,-0.879605521586237,1.18193830336975,1.04150373327082
1.71730820568459,0.723528261258628,1.68669224623743,1.57643096508173,2.00963160297783,1.23706844242748,3.45664128281565,1.3775756075773,3.02994799502603,1.16634741088321
0.998598717080313,0.526127664999809,1.73788264869841,0.992728755895961,0.465861221682233,3.18509301841697,0.18779724257506,0.800759772739732,0.892304966757637,0.497736633983746
-0.495374890554494,0.611239365541541,1.68774200185483,-0.56306621829908,1.54729772795693,-0.21964185237653,1.45631490128148,0.528777732300689,0.386081294090784,0.680203261010378
3.12726058432293,1.25499573280415,2.54118869766122,4.12254542332293,3.09480791634095,2.11859615899628,1.01658416199246,1.18320192153936,0.976970680389876,4.7109312152095
0.452444127204907,0.802900430066105,1.8825738411639,2.29362974132096,0.151656806849944,0.701182752497929,-0.0567005373152982,1.00241408378233,1.26991456260452,2.34400243757169
-0.80303982126123,0.476984771506671,0.239644427784768,2.38977521935736,0.782499229071484,1.12402196337678,2.48864612275782,0.995297716006607,-0.556948015474686,0.211340492891759
1.92108151439374,2.31522414876381,0.328017289754746,1.02108366043068,0.618055584509423,-0.721483630946203,0.190853128884341,0.0413122759523883,-0.234733980829714,-0.85783179824857
-0.48459940678538,-0.40231209144254,0.682356353637163,1.12475130886714,-1.36188220163399,-1.62868097604302,-0.625906359984986,-0.716496211731937,-0.741134355577586,0.514536391926477
0.273755156193068,4.75721955396439,2.24730354427249,1.64604804411775,3.02537861184913,3.86735905110889,3.40157929856236,0.396938321711874,1.59694171564023,0.942469474769183
1.01339305180931,-0.937781015513528,2.09592265682165,0.126123480846681,-1.30409568599822,0.199303327725199,0.312457454383492,-0.460951487135338,1.98436335919394,0.497020504867807
-0.12844309165194,1.90489775553832,1.51905485353011,2.30472826562901,1.65348990288186,1.97450852647571,2.04930605452968,2.66164723989042,0.5396282077156,2.68978176641548
1.1024081778508,-0.128867923325213,-0.439672241506714,0.0775620153194645,0.938600064087939,2.27124977296987,1.19835573593888,1.18314651304636,2.13667001681647,-0.0033170585004596
2.98963956658273,1.24406407376846,3.67269813263705,3.03330534307369,3.66940514293939,3.86846964820203,3.39373825948437,1.59133822013213,6.04068182899104,2.99869515593349
1.49634098178246,0.81234188580104,2.51425283905644,0.108049194295219,1.32024786810844,1.92019796601046,1.54068054398587,0.87784875897767,1.32066311442915,1.23415456461585
1.2354204683674,-0.0570421549447415,0.473666552651943,0.938692786552706,1.83217415816628,-0.365699887434863,-0.207738197353579,0.491618613232853,1.34974743195362,1.53856961674204
0.210495407674209,3.56794638798544,2.31478188641741,3.19731983870417,0.900968999535996,-1.01588226555547,3.11119793331807,2.30494846832445,1.40174824224801,1.57691667359892
0.138665884438924,1.36879096748783,2.81105886721967,2.0204020348761,2.98736236251686,3.16224340135121,1.55197965801206,3.1795715299812,2.160013208254,0.672306379846549
0.0692058560985638,0.892242234795111,-0.0510343539290878,-0.944389841919667,0.055052672350202,-0.756206941354233,-0.959578578466115,-0.693495158746064,2.03999429557049,-2.01794395391677
1.74488305330989,1.75021448586903,-0.349144523637144,0.888187115015007,0.554081200596631,0.0946562196661522,0.671054914490326,0.173645545396086,0.0712251890395972,1.15061210140611
2.14592594426663,3.16429085821879,3.4279503037935,3.34418378073626,2.58436479837758,2.73306452470782,3.12781620926952,2.97210941299745,3.56361017547157,0.821708865123359
1.13335134708387,-0.383702556405752,-1.55900999270024,0.280927089659018,1.37590134890009,-1.17749349027215,-0.127687340751057,0.799928721921338,0.479850587751834,1.26217083594089
3.60958218094628,2.67604586489817,4.15716743055413,3.97212487806736,3.98636573349351,3.51637537223695,4.74170260405918,3.47667122982198,4.11338092110803,4.27015093823951
0.570166719349046,2.02391073397093,1.70701729456011,1.42474643342952,1.16757382981773,2.97183529727807,0.809889148633035,2.40005308308351,2.68968789471959,2.71654936197499
2.03816497714892,1.52601469673675,3.17259212202181,1.79601268895991,3.20111588477833,1.2429685256852,4.21514772934872,2.73152710175188,1.47216823085054,3.07289772544372
-0.0279225196191137,2.65238614232707,2.00194477058464,2.56192072732932,1.34190516387355,1.88952717451529,2.64572286471765,1.85865787787412,1.06565614407047,2.69254140673965
-0.431555901541179,0.216574533198363,0.174507689807928,-0.562552464022206,-0.236090885141442,0.0842952477784449,2.41911362919294,0.514092080094976,-0.117529706917024,-0.283293293825021
2.91695603285483,1.9302000231285,2.48774325181082,0.487626369786231,2.39688875185675,1.14828409323283,1.77388238716981,2.16725946818276,2.39612995421033,1.94980786682378
2.89516212000832,3.69266684642038,1.21681135350354,1.30433538251396,2.44720574274579,0.81330866284804,2.2093848200649,1.01400099343994,1.82046548204355,2.29588754852548
0.814243303202413,1.21139389228929,0.0871728588032016,-0.161448815769212,0.894292526561154,0.508866337025922,-0.245229033471349,2.30600166887575,1.02401073809712,2.56742802778839
1.78173850969936,1.66851806072787,1.24728104294983,0.492993380369698,2.10857984847692,2.64262990586146,1.29332242617961,0.0612263199542651,3.44421547733848,0.729612177634654
1.26074570232906,1.34320475358582,2.38312511213691,2.44491177539912,2.09128635947905,1.12785480346582,1.48222601464891,3.00223411925759,1.02454618005812,1.61281621820832
2.02092178538164,0.753905047382702,3.1380463673028,0.882227282881884,3.02880348897165,0.238473825800283,2.04290077303083,1.6889031232662,2.29051401401746,2.12645260553549
-0.84419706437091,0.167218078335613,-0.369286949392272,0.62306643799574,-0.335703049249007,1.05530126319692,-0.716348230635124,0.492161178426978,-0.553685121093104,-0.776286224598813
3.21061372045435,3.04334494804715,2.87087023285984,1.71450173645183,3.24790834646965,3.50765423745598,3.98680399337231,4.44599273247221,3.35297078692728,1.48637593074445
2.38656398567068,0.851713635749889,1.77198610912822,0.924678706919433,2.68957820591206,2.70587314511105,2.7764588125965,2.12900473289724,3.13459455126361,2.41087267827494
1.40172552090675,1.69294545659684,-0.449635369241082,0.545249227487493,2.84816895604178,1.36138202030524,1.34263361705613,-0.765080814443658,0.795732024406539,0.748344149288127
1.50912497300303,2.05298113711474,0.236362005866132,0.379645909733494,2.06316129178382,0.622137431802174,0.895762234894193,0.393427640527777,0.775462585890383,-0.238195082131007
-0.0367540738943135,0.352580753792469,1.07397727284443,1.12249689519961,1.68373689852174,1.41526571353244,0.712130434656297,0.371158063642123,1.39983293553391,0.950458819633231
0.341517829818462,1.18526729875005,-0.417793689313614,1.78723008227137,2.3849343037308,2.80531332016519,1.31001738180644,1.08995890526882,0.248921311410646,1.67804881499639
0.982912148117656,3.41636994679177,2.46867012647117,3.11153497715909,1.87032638563214,4.88036966020191,3.36335966399209,2.59879895836744,3.07847578559791,3.86623086550706
1.73362699536719,2.57380637325543,-0.0962914176049541,3.58441074299262,0.897670970765352,3.79071675090921,-0.00197968467920395,0.862562316280669,3.00399010113801,2.89866286163526
-0.620045764063162,-0.90523227098451,-0.673285656625303,-0.118369180305282,-1.14784079191631,0.18234331142504,-0.175847248626326,0.985006170439861,0.64169249924615,0.709912315131941
2.82513195230022,2.75320147931925,3.1994640489263,3.01691463721261,3.66242522309358,2.60524292402728,4.26574865817935,2.91577263504312,2.13248854849122,3.83683303423922
0.546686019705882,-0.206483360095107,1.60640086774496,2.51057981143971,1.5501483707569,1.83360907943993,1.04479099342357,2.55449991606947,0.494683400199985,-0.985749875657544
1.41660090306374,2.85455752935536,3.10536854389018,1.90640539087304,2.61029511421843,0.933684213317021,1.00595179540777,0.967345988211341,1.88254986993908,2.15419424096688
2.53347508795447,2.62483366834088,1.30597659915069,0.997555657947967,2.68554409796437,3.87721529863376,2.24262842966717,1.1376894622119,1.17439291343782,0.976560672548365
0.536925080318755,0.843303049883874,1.2550994140065,0.87512016647233,1.60025378549513,0.931050303517472,-0.221665002628106,1.96273413188576,1.2585783536543,0.889486277512234
2.29429878265831,4.10372490470612,1.30669695944044,1.94481203691251,1.15639769754931,2.85321468932025,4.10232476601351,1.75274156777408,0.376151628224847,1.57279464885806
0.638516543721819,2.1878779848871,1.22102065122357,2.9453890515899,1.53886249621747,2.8264592037469,0.210801304790907,2.68403732041799,1.36931253698432,4.23006336347902
0.346044667211357,2.13785211508723,0.832730426642009,2.04395154738286,-0.80798069427962,0.757610410418482,1.43315338255686,0.861160706601641,-0.0618079163227738,-0.132492369709734
2.76371497856154,-0.392972026762448,2.53173137693098,2.33088467055267,1.83032401813118,-0.752125416320471,2.99794772299658,-0.0101044920045856,2.09434977152756,1.10777096011181
0.785233788645235,1.40957382549132,2.15564047037131,0.912640593897367,1.71724985162546,1.81745075944088,0.645233187077565,4.28417535964981,2.11076122437728,3.47565938608112
-1.74741250196638,0.372934444278719,-0.0453194953063601,-0.76891774643438,-0.323245368149872,0.753324723164171,0.457836617695207,-1.51033092642582,4.46258868518476,0.372589215215292
-0.0566977543761686,-0.0211321900494907,1.12387658718164,0.620248947931664,2.76999099482564,0.187786784909554,1.08397621988087,1.10798885616896,1.07710706733905,-0.244085009568031
1.75556137756114,3.73603855757706,1.39062792940405,2.09920127988338,1.93431932527813,2.95454758848692,1.48499034104109,1.01648789097386,1.74267049165276,2.26973873735478
-0.209001958538648,2.76789153855507,0.540253182022973,1.56015208812726,1.8891404739475,1.2380838953759,1.7542267742217,1.85672417776495,1.26697813324742,1.85881952607138
3.52363505225638,2.00683718052773,4.3603579925236,3.73917934421022,3.03619084215883,5.98801609245674,3.52984312339653,2.86206880701299,3.65996417613136,1.09715479238915
1.40415857250804,2.16148476209522,0.154393044078405,2.59314244534544,-0.0762801091418395,1.89736132147603,0.844979987802426,1.14298323842011,0.867780374214185,0.724320065824699
1.86831147336474,2.54849271056078,-1.37829372176516,1.48772490134029,0.589822314224862,0.815405210915842,0.860792735318602,-0.101790842023352,-0.000954554536938934,-0.307854624312396
-0.235758371918311,0.397552463756929,0.238423084579144,0.251455064569332,1.1681557478317,2.24224326898637,0.866828871994436,0.503181101755288,2.93545728620593,-0.0643714390701753
2.42003447588481,1.31443788907342,3.52986441921834,4.83779691540075,3.44695576219059,4.19991857583048,3.01818893085449,1.79577364780277,3.65559220623882,4.5264030150651
2.26926721393156,2.33507478381632,1.34707755661689,2.84939772283965,0.194340228777616,2.24913919505046,1.65837687118085,2.22820476714244,0.345612946069678,3.96361709350935
3.17468838309199,3.89439519616052,3.49254086637327,3.56649975115982,3.67983508774679,3.49790508125905,2.02332665542059,5.09544623917299,1.25794515275839,4.16491149574733
1.91681503487296,1.84322264629377,1.80359478336522,-0.239329252560175,2.4783648389552,-0.0219806705912291,3.1992886699231,0.194682453281903,1.6584834753938,0.776113651862042
3.11845549693499,3.36261367519895,1.84809422460566,1.59180153535947,2.47341403481176,2.0739651989765,1.38044800352993,0.655373072500624,1.15310917733978,2.14748355267201
3.93513351474626,4.0507703621876,2.08780252173848,2.12767514391705,3.51120130481071,2.32502040118637,2.20482966600544,2.09933233276999,2.60584704252925,3.12901108446096
3.40187830973024,2.80647472745435,2.59979318300501,2.23878439088714,4.74379350262263,2.21763738125065,3.48570876696761,2.90748196396804,0.610393153577982,4.44444892848085
0.772763941325911,-0.355175238884972,-0.212033823105678,-0.592751565570477,-0.408149796364952,0.378034983142066,0.54278483132208,-1.63667261939221,-1.11826609814588,-1.41153830093308
2.45835038022061,0.509555728867941,0.741159600687966,1.37199184253694,0.662970238902124,0.534311398038155,0.551800453327026,2.14098952679788,-1.13383945570759,2.53734315956911
2.06187695244451,0.311857780948198,-1.27046040101225,-1.01679889891568,-0.887938641778728,0.359215222554144,0.875742269247619,0.181439891840255,-0.3506767733921,-1.79481821217058
2.49258006948108,1.06730053912256,0.351134866240341,2.27838315980356,0.782938232232612,0.553675651763285,-0.372719181380919,1.99660348044326,0.0952629609720745,1.11954964150441
0.70790230702939,1.50386436277367,2.88857699702714,1.25765207597721,2.92953770153496,2.17999146476672,3.60523669253886,2.96776977816972,1.77017825281295,1.97117346775748
1.8851108187836,2.0900492568177,1.67247829619305,1.30797670531174,2.67511290088425,2.10765555663701,2.04677852977333,1.63832249381059,0.35968052031046,1.36396177533076
2.69183415869656,3.27342683892076,1.56495447808384,2.55031599113733,4.04382026343465,2.46556340367024,2.60368922829705,3.07019756335651,2.78152357045015,0.950309752683236
-1.33877872754403,0.00475735433323143,0.264615160599996,1.37753687219813,2.6158866153722,-0.0835062669932927,2.33940688269711,1.10756615499925,1.88428274788255,1.26181506187595
1.00158711810215,3.95695276520318,4.0050082301429,3.13967897409567,5.05819677587872,1.73210917140403,3.2584929906574,2.60847185936945,3.2148627841424,3.54250718418544
4.54655285936398,4.54917128317412,3.30992196005784,3.33123789993981,4.13728549425771,4.26954016756718,1.74031092805445,3.89679716263766,2.52979618351543,3.55391005394534
2.73894085124341,3.42179782474228,2.21572386431711,1.44283611781483,2.70728577798662,0.566672633502987,0.718001332682681,1.87027755326044,2.34475477194785,2.55731356658782
1.5080259360716,0.67561019080452,2.23947555344975,1.10049725354647,4.33428305162946,2.32927721267051,4.71434171927791,4.37071941329672,0.0742719168903045,2.50975513937044
1.43767103224093,0.947833406571688,2.58542939756691,2.99671468279001,3.92175543605879,3.76632227899479,2.49110820393321,2.69996949735633,1.54302370456021,2.68164840295731
1.13304763294218,1.63985432426756,3.49372325749139,0.976143497736547,2.98083915930365,1.8615094893053,1.62940137996274,0.86224075242282,0.810042202483978,0.529654873233788
-2.1407946844886,-0.981796770879986,1.06646872978122,1.41409894246931,0.305988244924434,-2.78406352335028,1.37759673750325,0.165726875640273,-0.353869501879136,0.980033470908564
0.925351395381363,2.94816896792692,1.17109859739861,1.97387502390051,3.51416415737402,0.715157559947539,2.7996229493579,1.37690647753711,0.363056530672888,0.301272459522328
2.28981371921072,0.821459169052312,0.168626297515616,1.32754587724054,2.51259636195835,0.6866544497239,0.77609772791734,1.88225651738238,1.85809869467842,2.1739144873476
2.59910321701516,1.84974373156746,3.40989434453495,-0.114011904045326,2.45518667845299,2.41769613123942,2.66167495139836,1.52123629508711,2.83082490994456,2.47839327652166
2.91302123498584,1.81330126259179,2.23341817478928,1.7508795859488,1.30540761082389,2.60473455009685,1.2939901136933,2.21023320483275,0.808392690313608,4.06944607220957
3.49545337113337,4.65848776530884,2.25399450037975,2.58372397763344,3.63893422128012,1.08285658631567,2.2256856957934,3.2753217847548,2.26322072703144,0.702977485390955
1.56676986013022,1.03613553828751,2.91215530867009,1.93430805143752,1.4474378117111,2.38122084129496,0.837878655831332,1.8613493219554,-0.832132498112746,2.47434114786664
-0.629330164889728,0.0302456589193794,1.89905694272327,0.452872704652281,-0.355039125528876,1.96531159957097,1.01402133303143,-1.3558034997264,1.66468250241455,2.87548693635754
2.32917658532789,0.861258254120942,0.102204736939649,2.15098285932466,1.69557451744062,1.07434067095969,-0.116098608105813,0.995494959204301,0.436597093201462,2.14889564384153
0.369062850751627,0.270423985307766,0.269999190413554,-0.701016125049473,-0.252664596240822,1.8927602007405,0.753338039454784,-0.429116279633692,1.56311272008667,0.178879053579786
0.673364310825897,1.09686389418237,1.85915268662665,0.566511473740683,0.420109500132012,2.32439792259271,0.167334786792219,0.112367684166961,-0.395693754834729,0.64667216430618
2.8743240097262,2.6173787753972,0.653045839020425,1.15182354318834,4.04060581284377,4.24637196313136,2.69596045131346,2.15920630470306,1.24678482081897,1.09409837826897
0.196983828031847,-0.741557164814245,0.574207054746865,0.425547058830811,1.54412305415535,1.12374715486758,2.39406242366625,-0.80989852053632,0.173023056295822,0.642415711647859
1.77683467402439,4.26746023775648,2.80007982833384,2.80919316577178,2.30891214180758,4.1917914941142,2.65444102934922,3.92130596553658,3.3502115216495,1.99596302339571
1.91782639932782,0.580330053398046,1.15117736825526,-0.77441530911971,1.77284594538896,0.335159653835212,1.13081939964408,1.17132823082019,0.294889378904783,0.835821168936897
1.82735953444872,0.958840954620657,0.691424922643302,2.04311043308077,3.17526518486771,3.31828830938533,1.27774985081663,1.90835320727112,1.10648988834994,3.54725133671236
1.60656671273479,2.19391312972164,4.03918246041571,3.71976897135874,2.83493309429577,2.63989697966955,2.75909902242117,1.89025565679043,3.47767950780848,0.992604269419854
0.94295325261755,1.20233604376968,3.15475273783189,3.29254931365981,1.21541846420417,4.02987901676514,0.701198019803936,4.80151724158495,0.750198726126723,0.980088683847969
0.0384141744798057,-0.366644120053444,1.29454269237068,-0.850663907358323,-0.329053638720236,-0.539171169941337,1.6139879915612,1.02087969118076,1.22456017063319,1.38262228348526
1.43981483831077,-0.237279885404654,2.47198164856888,3.28236491052994,1.16309036634558,1.98241833550337,-0.685257972600225,-0.282836040257165,-0.805043678538332,1.32854984911221
1.86334217754103,-0.0477554493992234,-0.0889258069421732,0.800840798376406,1.15566206081637,0.017954852663384,2.2340717736825,0.448367517803522,2.50439099059,1.56418635857303
4.32115158968014,2.6090670292979,1.27463400779934,2.80232877210523,3.50830976445366,4.28456360852869,2.88022329082955,3.41224909084976,1.69307059047167,2.98559803400207
1.11782549158002,-0.462792935179951,0.570457918221317,-0.849318429255396,0.367114791313709,1.69649625925922,-0.0271752660390525,-0.324404836057446,2.35226173080874,0.788993101885543
1.20987876552467,-0.272447649355329,0.131294997782812,0.220515786384099,-1.39968903542394,0.102974408965279,1.46512778633571,2.78216018230087,-0.65524642502818,0.618962715529861
2.60300698582419,2.41663714554674,0.469146346691363,2.56524299526744,1.41698700410065,1.78904583205571,0.641398184051888,1.76517788010654,1.58678972911746,0.70103938652896
2.53310797737568,2.7527866231406,3.405466791283,1.32948897333518,3.28676323601246,2.43357853952754,3.3075995510761,2.25574852690964,2.38563604137674,2.69999993331547
-0.534442075613929,0.20064025773585,1.94778584842732,1.05153036483086,1.63017161727307,2.14778435709713,-0.0869119764627222,-0.426191345731469,0.234551526799632,2.30818737624046
0.588797686762423,0.368384767673534,-0.0325692544324367,1.92176063438943,0.38735899537144,3.01942431474788,0.641572257901414,2.51858801859341,1.36284897957915,0.583206527927847
2.554917012006,3.10365071586459,2.23953785416573,1.27030469921505,0.863021602971373,1.2167048807019,2.44172810106302,1.50239063188319,0.400914235751022,2.0041440719272
1.79209895326028,1.94013171450651,3.44651792081967,1.35581089846005,2.75003801374485,2.83133959298012,-0.4782036264956,0.215389886274824,0.477148292055367,1.36745783808842
1.42892155596749,3.80824480579683,0.661549045167487,2.75456195888273,1.55714470367382,3.35284000627442,2.64486033185307,1.53619962106926,2.28987326525882,0.440542789475631
2.81211264376065,0.735032568583208,1.86476003905706,1.72124987930267,-0.0806052318407742,0.100889269828371,0.851983005730989,1.84207197212101,2.02427681727483,0.761470496872098
1.77453284806119,2.14176362492026,1.87376307124609,1.11891151970875,1.30339295926354,0.597187401458458,1.83216170963107,2.51184356331277,0.663626687276789,2.64818468170508
1.39209037743003,-0.756788530313153,0.378165337214404,0.33521345656825,2.60084165833689,1.73336954276174,0.211127580219731,0.658624254515338,1.046038580116,1.79795891050157
2.83475476556535,2.71925336229348,0.798175709617692,0.982878914038063,3.29037477005425,2.00903680813468,0.586411523685571,1.20301929920512,4.30962490772865,2.65382010406054
2.2640384474327,1.44608958231445,2.55583684991476,2.21816484565398,1.67080167620722,1.37412441223347,1.24425308364586,1.0263510388038,2.90767005366597,0.962984223494831
0.93335557148177,-1.08702192027014,-2.51747665079109,0.429081625604408,-1.20118920080119,0.223786006726036,0.963682532578286,0.599754240802597,-0.987820956659247,-0.5955359958573
1.59064097307176,4.20501403029669,4.25335993340172,2.55259075835673,4.54816110743295,3.99113194345224,2.12379351173652,1.74437098049909,3.60125627773855,3.44728916544541
1.03315328849334,0.828286873504039,1.51672210532369,1.12799294747525,2.45105206759936,1.57076584022386,1.70345502216124,0.894053083408998,2.02071507139244,1.53681547248023
1.01557255842361,1.95106133060865,0.716041999381643,2.25996115628784,2.12747219608534,2.01562458972601,1.65623155150669,2.74745535775902,0.794865718517406,3.50597239102834
3.55420041481445,1.30023085758152,2.11940019198598,1.24095413368811,2.21095998086643,-0.657278388933337,1.11914482613159,0.338997407959814,1.08019740189211,1.48467910373422
1.01181549402619,1.77813689514801,0.13904804013317,0.0508090570094071,0.918735420503277,1.85760949923283,2.00276745580723,0.468892086003779,0.882558008221027,-1.06447507655995
3.5085804283171,2.14019312463911,1.38669218243617,2.58281584103644,2.75997799102022,3.27437777335548,3.34802196416925,3.27408339914502,2.88113830152102,2.76386445968325
3.52351219183162,2.73994590777767,1.60569784441401,2.78772603242309,1.51580405002784,1.89777679452027,2.22767691912886,3.12528114307831,1.37212420127431,1.50451660049579
2.25437395527839,0.541027900566964,-0.250976556463911,3.12359270918457,1.8186778868683,2.92803484617634,1.82450356170694,1.33957096255053,1.81427950532501,0.586723346736235
1.93712233947372,0.0534144861745516,2.04555075889425,1.58222172510001,2.14504271718289,1.85299635648353,2.69539927115088,0.68908355917399,1.5646547216872,2.9190266211831
2.65765768404914,2.0750541034923,1.42698319906388,3.67835891659163,3.0298652925676,2.80381572262875,2.8353843426405,2.97424011347509,4.74871409913246,3.22485786581468
1.93729203700786,0.376435540908,1.86473636883289,1.51337012708897,0.281514097027286,-0.626672957040189,0.669248832449,-0.682069231942705,1.02723368792144,-0.418297827807016
1.11332294066609,1.80440673510712,2.18153191764533,3.33505693130837,4.75074105442362,1.12973252192478,-1.05457441357386,3.71805072956347,2.6243004316929,1.04468701290229
-0.986947161511085,0.825213904699439,1.03423623186531,0.331349298476329,3.11178189604489,2.70806486780229,0.216919036386565,1.59482994182515,2.50029964119088,-0.101354099274312
1.93424554616655,0.664627093764647,2.51145875913684,0.429783671050929,1.62124915115649,1.78139896323403,2.6163906357149,2.17324992769586,0.619966678301508,1.82005237806745
2.59564704829114,0.363166905937396,1.82823467110744,2.10190078542041,1.20910274129828,0.0227633186834051,-0.611300598696709,-0.481330542443049,2.28450191133182,0.844356822092089
4.13761087233031,4.23612569466373,1.4214370957142,2.58162298219546,2.70272724814453,1.88061484153908,2.56038935591992,2.10196679258901,3.58146671918742,3.76988207038209
2.49249340166081,2.99335283970841,3.90977501596068,1.04660955386916,2.5920941503723,-0.46922345433616,2.76924272330501,1.81581088018013,0.0880991118179051,1.11896628544464
1.5733397606706,0.302979910673428,0.849522480497371,-0.783903852627183,-0.207081505249288,2.88330443225477,1.50482531776237,1.90210449887719,-0.371730623643576,1.43593127644991
0.29982369423655,0.15129063282412,-0.557971897812547,-1.15237197477598,-0.432891199594383,-0.608185251455256,-1.80644733481592,0.859230807670824,0.0876412903049406,0.286394371989655
1.54261625965322,3.16743414271861,0.530866338033381,1.48809394501568,2.07215478753506,2.53725314196283,1.65006027818179,3.24457786191089,2.42188127204427,0.847478213268176
1.20771827710402,2.30096594185652,1.89215323780883,0.801060185595873,0.645811909942525,1.60896873580547,1.45706503792497,0.431551151617989,1.05827979978043,2.01186657154789
0.787695168254134,1.13801534084211,-0.407592269747925,-0.450363594623651,0.805141235211297,1.68952313612405,1.80950808745427,1.90266687638811,1.11282898776033,1.46838226951255
-0.064099828719836,1.52581949450827,1.32287220848988,-0.158870609756587,0.314905362502589,-1.89537960509941,-1.84848999234877,0.339459950658005,1.25112488072797,0.099653456620366
4.62443627697694,4.14156952239036,2.04074266287443,5.21623430982184,0.810237183714718,2.47199955123146,1.505620427591,2.41279850037577,2.6389650120233,3.22968639782787
1.41243436101401,1.00031848526538,1.87909592878355,-0.0256046213202603,0.659692913220153,0.240939301977676,0.592888453773049,0.924594366035206,0.879258134076915,1.63845403979043
0.718569759873614,3.14297370620589,2.60383305930415,0.29603388777914,2.76034309675115,1.48607732775543,2.35148866180939,3.54686658916477,0.902868986324323,2.74834854698034
-0.0916879524525744,0.161318656660783,-0.212900401974051,0.261472009804771,-0.689937398541988,1.14243415527441,0.962743890082275,0.859929981133143,2.02576370181425,-1.25793692869128
0.61573464778262,0.833798202533767,-0.0402126175545687,1.83583917279295,-0.178885951228376,0.54463640001665,2.68603706509239,1.1979200956878,0.901614340849354,-1.13399175292752
0.331857236250957,-0.986815733309505,0.667315933967751,0.0923083571509403,1.49438584782725,0.911238550379839,1.31533375790534,0.290094693975176,0.874924056101155,0.910963529303081
2.62426776580033,1.31845168116599,1.22218054247724,2.26523314000686,1.3170052195165,2.53593220642608,2.18037545898986,2.25925445265168,1.25418168650516,3.77578727120132
-0.475316839961077,-0.968928165781851,0.866182128765336,2.26631409198628,2.847187094639,1.84318216555326,3.30989300263439,1.41216340972254,2.0306500347585,1.83822091091923
0.451686559479347,2.06262908725526,1.17866474866572,1.67964528947472,2.5999969508577,1.49979112657986,2.47095972908331,0.384008470290681,2.22570099225657,3.19576971436167
2.49912143584857,0.603596987547425,1.53323508281264,0.749459461769197,2.80139045517183,3.45939258115237,0.0455138139035309,1.74809355522461,1.87221126636476,1.54326912228105
1.33057417193723,0.193509289107678,-0.645069619786518,1.52636053248606,0.131919146996781,0.414336063223039,1.87831429373419,0.567799431468542,0.711857971127576,0.136956649860625
0.743206772055759,1.20215054201696,2.98606656961054,1.4717485649209,-0.925496001512244,1.59833008326793,3.06215730669045,0.804837127507484,1.60153518275202,1.05489904205679
3.18517033492199,2.46698743346676,1.78707892680173,2.80223585994114,1.78420776938957,0.863854451764302,2.04676440954131,2.77104213060682,0.710250797871691,0.757022153499793
1.60604698338867,2.46884246594695,0.70341390562183,0.558440517818879,2.17026610844714,2.62666338561013,1.78199043445387,3.03966540723188,3.51376758301663,1.24138797761506
1.34557252534503,0.521235591793285,0.0754380992536537,1.72518646566046,-0.118543820034383,-1.37629442126344,2.15130451339695,0.231280744819182,-0.355277277860776,1.16118452445454
1.04259925243986,-1.86131358911012,-1.93161258734588,2.01418832755204,1.04685402857283,2.07235220501304,0.435207448900349,1.75693814121831,-0.0538179668342167,1.33509360671286
1.18382217581643,2.19035153207327,1.01278509440493,2.28601019350353,1.29994493262146,2.41462733085891,-0.229803347932608,0.0505284158299492,1.18275768948304,0.106391009643083
0.147832962238643,-0.191038867418367,2.19114550003413,1.82746408400461,1.44340062695958,-0.910398377449835,0.604137153988272,2.87693289681553,0.844002603944723,0.39419163507619
-0.143934981168311,-0.988564461670338,1.41463132310605,1.60971859091989,1.3539501758746,2.40701130445097,0.934149646563923,1.91016212257273,1.68481213866057,1.63369742602396
1.21872824294826,2.01435583542744,1.27071032160425,0.969401832539799,1.0335981164591,3.09340006662017,0.984777156318017,2.95577961008647,2.08536440993075,1.06512346758282
-1.01764562129007,2.92353388819356,1.4818631745857,1.40776349829184,0.618980132761757,2.63060630586854,-0.683643894211584,-1.09124943888827,3.10869343387143,0.90972363035865
1.43056612322952,2.55652579319978,-0.494221548344502,1.48421537471701,0.495539767542741,1.25848323234329,2.91131813393592,1.99483688936554,2.94645757847813,1.66353508586411
0.499743515785406,0.476434185305109,1.92353015388997,-0.649570155184665,1.35558674901311,-1.14890684200566,0.635111752371064,0.573296496598467,1.57682697113411,1.75767520693017
1.69227114423152,1.68441090801681,1.82294033780882,1.44052563561356,2.18070949175962,3.88413706950488,4.09081662513619,3.09247528543187,2.91613539439237,4.8075132357862
2.21395048934037,3.35416234318644,3.32679810427308,2.13308747598319,2.78757749320565,2.49495796692299,4.15062637740602,1.78731606405937,4.46120240387056,1.15951708338803
1.77998508854067,1.11602163451452,1.78671466152451,0.0297351446749592,0.765359845407033,0.176668438046108,1.36842211582168,0.0461079285854271,1.22606297780035,-0.0358007867418222
0.978418655957581,2.87331781085926,0.451918950806089,1.84121037466466,1.29674451645051,1.5540245130873,1.80354787556604,1.23411026956639,3.21143912257435,0.763301675158707
-0.421385970430354,0.0313703447018829,-0.158027687712638,1.06085761995813,-1.90447406679614,-0.403524986408378,0.981778675279935,0.582125190485266,-0.143052900965745,0.756051237709164
2.0828271040979,3.30616253954384,1.2941299274751,2.99662050935608,2.03155284250708,3.88022559054141,2.78489292366734,0.822012269525542,1.40045253709515,1.08953800657469
1.41962021086203,0.707564005735212,2.65126562910417,0.310135623548522,3.54161446206862,2.17294234281921,3.08740184748172,1.28384202740583,-1.64757850519839,0.0836152225963328
3.30717206220405,2.88479995678047,3.44472805208496,2.89558436420884,4.76423354829646,1.37143021969868,2.14351782297295,4.31883738173031,2.20402957652503,2.90470192225714
1.7877871538742,2.39405969493321,2.04601530205087,1.33172387216978,1.49692172861521,1.39637423901798,3.04637657846562,1.82582082561911,0.274135688559366,2.18742065465037
2.73125286096306,0.259424889984456,2.01734205219155,1.80743558989379,3.1814812851319,1.77922440790692,1.5584868164548,0.687901525022766,0.733354580127704,1.38005820004187
-0.0180251003782468,2.90204763377843,-0.0706389438257695,2.49053630361891,-0.643972067562348,1.5597452892747,0.441271457259478,1.49366151203254,1.30900940396682,1.97228035907451
0.455319633526907,1.22778505951703,0.702302145030536,2.77864658280855,0.94463764457188,-0.156673446700895,1.47964479337158,0.519605333031084,2.05332029221364,1.02064528667768
2.38348898250354,2.49005111057206,1.45120621913417,2.66960669174487,2.69124161496212,2.1072741413737,2.29390915161958,1.77286351267898,1.84195055043817,3.05480944285243
2.4769550743286,2.54372972027301,2.32466254978142,4.50243251723263,3.45020031461017,1.04468149613976,2.56423952284991,3.2938561202962,3.0357861906378,4.45848954137181
2.4146737475507,2.928786781586,2.89712380336607,2.14158841878169,3.91841638207633,3.51123158807937,3.87252981115785,2.5915764990942,3.50996659211822,1.8865031102386
1.21421091750496,1.28960198348409,0.0705513143115574,0.85109873448462,2.16640476344737,-0.223453100736853,0.567950722168616,1.89504686398203,1.80406004399447,2.38231473248192
1.23737899484687,0.0453312633067708,1.04719983360264,1.16774449802674,2.73548315879514,-0.58589814708728,2.04884632229246,1.74574055353787,2.74842370580779,5.19752809749227
3.27947727952057,2.82292867798162,2.03692832804398,2.52926806496029,1.65966943227382,3.25941776588006,4.35748650706843,2.23127308796709,2.93290260895434,5.27814480063649
1.64955514560786,4.12357988879345,2.87490117091137,0.75209710707191,4.52785736108856,2.60158079859556,1.91621442755015,2.3051319410731,2.97100421018111,2.2352780678081
1.71880999542281,2.20526799892355,-0.0798424632769676,2.28011277741849,2.80760955049177,1.98273322908471,1.24618948633177,0.965013904311487,0.211775220143678,2.32544939178752
2.91015283613582,2.94156009224901,2.8829114209063,1.44978702473889,1.57468296249181,0.769060598081141,3.15778365570345,1.49880929762086,-0.150568491179266,1.76764733773632
2.99439370747285,2.49141552114605,3.55734778075307,2.30149730955638,1.04104475385914,2.75175197923864,2.33603139150915,0.628609981328955,0.098912458237413,2.89555541704826
2.38697194865507,0.509588161938582,1.12726544822952,1.39408965822257,1.19064021681036,2.20936652503831,1.4143415887547,1.43438993312303,2.91903623260466,1.47102728344737
1.02670164958676,3.1820753422745,0.819611496091496,2.49610568968587,1.28428828558253,2.24429259636608,4.37252411590782,1.17619958588158,1.14650103136913,2.81233079549211
0.741423008422873,1.5779069500394,2.76184630373425,1.67820926654749,-0.489494981941274,2.99930968364295,2.31190399120402,1.80136895684552,1.81738097694547,0.0943064222243317
0.758423650760472,2.6562114536039,1.04218667935296,2.27621176547615,1.45278042447615,0.864448872273724,1.21065155300046,1.60172076555588,2.54729216126494,-0.0953170434323278
1.82468843468928,1.06167677047749,3.43115503243869,2.99792712367736,2.49440753380326,4.1188343976162,3.21452903232125,3.30888035806224,5.59777812821534,3.40198753112586
-0.19658283462169,1.89978292529613,0.0432092664590147,0.589267180267577,-0.555602616355843,-1.89688231898115,0.694375645988198,-0.431451778416288,0.379584348360825,0.410345875766617
1.74087207235724,1.63751630549723,0.749659158977884,2.57358873836524,2.32902973899141,1.5319813096375,1.78385983666941,1.85618168764617,3.04709611637116,2.06001654595267
-0.620871453942396,0.0975820230919111,-0.969318432226077,0.0580685734264609,-0.167697895773779,-1.54041584959611,0.186265111168992,0.224890730725661,-0.411407065986225,0.441818607960274
1.22410937787266,1.90839275748188,4.59361390778316,3.5836769992642,3.10918566331897,3.02037505531332,3.15963401765691,4.68104258680281,3.479146595996,4.2758975647329
0.967229905244983,2.33178264546513,2.75334691453843,1.15113051584655,2.15541339381533,3.11146528925024,1.59775915268185,2.51928728001366,1.43706814437863,1.7762866767528
1.44186406481724,-0.988900373129466,2.04119708768887,1.3470413971811,1.02408969786073,1.93818550871013,0.530227858285066,-0.75463750870971,0.548216054473893,1.22283812188662
1.85423387523547,1.72681530958702,0.544618674055673,3.04506239457667,1.66550124321488,1.46116898034806,4.22265006762014,1.53952073251881,0.61635613979016,1.23037031717735
2.36155182179058,3.23321083439678,4.26292186404171,3.52652561601125,1.56202916737289,5.44128017564437,1.74072114011804,2.11276738941911,3.11258148860515,3.79535826890732
0.0547056846402334,2.55663021052545,-0.3059621096413,0.436607973996132,0.576991685327641,-0.200978367568912,1.53861095956535,0.593447758779506,0.475865513086107,1.65856476159988
0.537970335214202,-0.157834148986191,1.10303093969498,0.778186942037968,0.438147783904883,0.0802935421534006,0.190866902087727,-0.225423972455788,-1.16147378337973,0.546359706028953
1.08301745098824,0.0304601267602811,1.42839527854898,0.802956874205915,0.175705992200422,1.06677218775861,0.503405073467567,2.19087369710217,0.174683857969179,3.29664934463031
0.375512270982409,1.84181088754137,0.572657400032358,0.263230801650349,0.864766004337406,0.459279503902367,1.56772083126821,1.05394715440746,2.65170956162606,1.24664522348948
2.13994707615679,1.5458058407796,1.97836083989147,2.19848405228462,0.720259825078213,2.21059113220509,2.0159173401837,2.87873014906399,0.278302577322956,2.02690238720046
1.80492387290102,4.05259138822193,1.71357789304347,0.479626619548498,1.8962643249673,0.672899539618803,1.64508950844495,1.41542764670838,3.1032004158749,2.66315263436925
1.43543225777084,0.61686602971194,0.218408705063173,1.2918338133723,1.28350589893301,1.18964021842701,0.10194016209629,2.19281914332654,1.39534093292073,-0.999158071686244
2.29636564331166,3.55989709381848,2.02699676106174,2.04469262336939,0.924230131521947,2.50351438973076,2.03931168231558,1.06865235065082,2.16636580596229,3.30780547966377
-0.949268081299417,1.72937549624913,-0.00699570407130039,0.178345698362737,-0.502658753203305,0.340796513682234,-1.662064497006,1.09272217199435,-0.271686559159907,0.21127527194045
1.13033835024273,2.12230767093852,1.5425106674108,3.62761634843252,3.28095153822823,3.258089608207,1.68008939807407,2.73952622615624,2.71307476365552,3.1871024134505
2.51597171028777,1.99341126928737,0.292540413461511,2.1938620083033,3.18810167759343,1.75368715635191,0.389513738343734,3.26945353610779,1.35199029102375,3.98559481523055
0.148538709064967,1.11958662250132,1.45632466664925,0.67464921373879,2.14823276770909,1.36367237109433,0.193853907753131,1.41381184220189,2.48112453154512,0.943714439528402
1.38065855781771,0.125547010324705,0.956181465286747,1.20233960801927,0.316444949623178,2.09652528891956,1.94846369279728,-0.205649524825778,0.252998004332106,0.960070770167298
3.12324607482144,2.13842633757621,1.7788017959639,4.18495464479925,0.50224886451644,1.21576275856527,0.459939248172017,2.57871316948912,1.44364114600358,0.659543474782253
2.71538466367764,-0.24255967965728,0.981378233114258,0.490945593132775,2.10219312426404,1.94068826782526,0.449375548672635,1.69043536606624,1.86821404126489,0.325461620144577
2.14137120187264,1.41562935420789,-0.475903515762999,1.58597739940751,2.52801175622088,-0.87029577209832,0.893836494897106,0.244230414300963,-0.17032662634668,0.710718249851447
1.15516255881759,1.68855258107296,2.92704186203285,3.42322369623207,2.4991530141143,3.08503662068194,0.610785429299619,0.320483979084812,2.24366164876168,2.7794538847236
1.88124884947858,2.47386558359298,3.20312568305567,2.29931992186581,0.744046048777329,0.54122006975434,3.39995350350564,3.28395273835218,1.66027922230182,4.20461688282226
-0.016264849282985,-0.975379475186784,0.499173775546358,1.56445047758611,-0.522012630254583,-0.0484610012609695,-0.149019965430421,0.884143960132646,-0.279515173780578,1.09318694541966
1.05670026353784,1.38502348455001,2.24569141511852,0.000749081039332911,0.34432108688799,1.4618344739638,0.878334882085302,-0.080670754534343,0.976025371313612,0.64807311303978
-0.0210761038286387,-0.229421881279286,1.65672528601645,2.79625899039671,0.957225654528216,1.14241010040931,-0.205198884927999,2.36749261603762,1.40032942558774,0.50895451931549
1.67520310619763,1.12089284383268,1.68227913783586,2.29523005874586,1.60873319122371,0.451708189649057,0.550062191183113,1.98966682443475,0.937651002942319,2.37769403591997
-0.0838842792993935,0.753031695866643,3.28003903013526,-0.109143540067707,1.64285299163133,1.28678641452669,0.078740834267062,1.44930590266893,1.62963610547638,3.30121096185677
1.30418987364487,0.417471828610632,2.24908133777384,1.8579164388237,2.25437169085549,3.95727889117642,1.77487522366576,2.60394315694011,1.76826378374174,0.0461186740758108
2.23026208320176,4.84805639358723,2.91690320387915,1.31316226929661,0.664503027423326,3.30167782922061,2.82536362916496,2.98790014416493,2.18679094485007,2.78073980713949
2.83055641722439,2.05737937722952,2.63162379115573,2.60986826885255,1.02872862074533,1.89122180777318,3.18833444983946,2.45827194957371,1.03828280166258,1.2615525125911
0.571083344138755,5.06477364790225,4.12132069179805,3.18058413616143,2.37037789795149,4.43115401301642,2.68608456056743,3.71901027669902,2.97582934124721,2.03148009547094
2.5377643239735,0.41453436485275,0.200741550245144,0.79014505933758,0.674738611881073,1.22714377810056,0.904819460289572,1.18153989552038,-0.426348710707316,1.11174122360915
3.31967652282717,3.39787758934353,3.31414031741483,2.68898249039941,3.33109206767444,2.3279633283103,2.64327520366317,4.63606004153115,1.97905781682361,1.79523128172193
0.13411355987129,0.761549220554702,2.0980828669475,2.23006499929879,0.62497090453701,1.0400389954471,1.16690459508717,0.901322708212721,0.0569026619563491,1.21999591719749
4.04744900019896,1.46598240187178,2.29906594847785,2.44512953971177,1.17618501106346,2.46211273521202,2.33643483235652,2.25963471657128,1.42993760757419,3.59340962105615
3.97021347083837,4.74437344389692,3.32583086913283,4.7105672349962,2.82957178479183,2.81846482481615,3.31004036211719,2.55339599305988,2.5152312416168,4.30864611882597
-1.47737932839359,0.969600172839419,2.11306739450477,0.0284183354836883,-0.216592214802102,0.624228587584026,-1.37028153462201,0.67011256016069,-0.39693521044434,-1.45166319705587
0.0884031311001632,0.873078210181276,0.941090207924859,1.520100531554,0.62195362845097,0.345127575441863,1.74814073239916,0.622843763786067,0.707402837620334,1.7924536840232
1.09021862491324,1.41532012618821,1.81595666265427,3.2664414890519,3.22651246265191,1.31755826931455,3.11351382366507,2.07884564138357,1.9377031936596,3.95389633276868
1.04192476132702,0.288710388912717,0.902198587952771,-0.0448037885783856,0.184362277396124,-0.302976771851361,-0.0292297773571268,2.22146678375599,1.93730960704246,0.0883303720139477
1.3045251453983,0.422774481922646,1.93473387858317,2.07378244099502,1.77776533189511,2.07880665877159,2.23645239603629,1.61061514218833,3.61187295368066,0.363753209870907
0.867600629724523,1.45684393212007,0.738819301196551,-1.29353788113297,1.90361235479647,0.802850051433324,1.44169265299512,-0.930230913738596,0.518795841970263,0.520766593552427
1.64137206988908,4.16137298258403,2.49702184640434,4.66060567541544,2.81311808839683,2.72886560757232,3.49971461659121,3.43514432613214,2.60635101103375,3.3922405375006
0.272719003038823,0.662842014111365,1.38803674143846,2.19679869209189,1.49409536021323,2.21091763737386,2.26262508366238,2.22872102268484,2.55810157485289,0.608753563314763
-0.36170681875286,1.41299653440078,2.06152989402197,0.562974468857002,0.312176160703233,3.57517268980528,1.92935185347239,2.82864706728263,1.66328538568396,0.0822097395607463
-0.901309615064094,-2.30953520898288,-1.32166651913596,0.168115100399413,0.459944900630942,0.0409955343077382,1.02037330941542,0.150790651695714,1.95685319191364,0.742298150726141
2.72066342274752,1.81179602506146,3.54240190537812,1.49717523053057,1.80326039051711,3.18602130108227,3.85982264146572,2.33962465691293,3.50814353054832,3.30562909937839
0.720978351872013,2.40474176929728,0.807549306816555,1.8232470923627,2.70661205387929,1.54199169949956,-0.030787753874602,2.28897582652018,2.20170404810707,2.04870526894313
1.28212720287761,1.50178786362048,-0.699548012375989,0.758640695144851,0.896366916579491,0.64010635666736,0.0842224898197304,1.88704133339163,-1.14702698972116,1.17398997386695
-0.172476644610566,-0.255733015161567,0.227442413860981,-1.08241834082161,-0.332026407749284,-1.37119838259833,-1.48734886346165,-1.88027671068147,-1.94185390395683,1.1204814444427
1.80212388928674,3.65832547509389,2.68693425220836,3.8825345400626,4.19126208347816,3.07911625488742,3.39901717760343,3.29644785491042,1.4510385297507,4.65891311091794
4.65921949778969,2.69022769981938,2.73525460222081,2.92999421847736,3.26512346572814,2.63318373249965,4.09297819875232,2.40487006743937,2.64045410539063,2.9788260133608
3.91774098690871,2.19985711290225,2.19389012857745,2.29928276194361,2.79875523816691,1.13408185323278,2.09616868237383,0.0034686939631714,2.82124613403597,2.34246645662606
1.48955577328123,3.17642104794089,1.19985472011407,4.54033221521843,1.89802374030497,0.56820141022277,1.92832729902004,2.5733790891886,4.36275721503123,2.4710523130664
-1.33013726705296,1.46746804551469,0.449836841806124,1.47161329795519,1.65816062318217,-0.381170957834972,0.352874751403261,-0.465644399344136,0.430494428797997,0.420755283687762
2.1985636662924,2.12343415603885,3.22093809463315,0.49426417521946,1.83384897095613,0.266465819679379,3.94941138306292,3.46396444383342,0.753365235574306,1.75792806000936
1.02161447936167,6.09389698278959,2.21392582888923,2.8751590740788,3.4219693676821,2.5357327137023,2.60937376876303,2.7311941028247,3.40211372592862,2.78644099232516
1.54829508817774,2.49684219565067,2.24407558233182,1.66279241721338,3.3314479741914,1.57396985183395,1.07090499687908,4.53461913524133,3.06616579822122,1.09214568420892
-0.593020992200537,1.58473404404997,1.35657424101342,-0.2871732573143,0.444837207273689,-1.25494916409991,-0.358965058623948,-1.00209922683867,-0.480071452499574,0.263820900478695
1.51980262770064,2.26337973686618,1.30861774009499,1.05934899432541,2.78825739430705,0.975428862247836,2.46083541238515,2.6298574718762,1.22623033592039,3.06345424901063
0.164209822627706,-0.550348720247835,2.32955530216189,1.4649126129,1.50751903516194,1.54834448896544,-0.622866767200795,1.06789621540581,1.46994895788057,0.852995556076681
0.802581760287741,-0.899814395626913,1.50914709670232,-1.01384281338899,0.647089660953442,-0.924952240816894,-0.578388359280527,1.15479142463925,0.713584780625451,0.29379089692814
1.82237443133102,-0.774856941746854,-0.18694585825063,1.37378155258708,-0.578119888340417,-0.861790607951148,1.34436890329277,0.662589972045892,0.402943467361028,-0.76914054559632
2.28068770127547,2.90936702175992,2.66972253402897,2.67544786119017,2.89908005923792,2.0126884372147,2.03804698265744,2.43656052339006,2.82653967663998,3.1683577116282
3.32326120481625,3.9929161409065,2.82010967116124,2.61500789718653,2.29270556804981,1.62717908353324,1.24282287092272,4.75576324858847,2.90057686385375,1.63641462007912
2.93984997145679,2.02815446179259,2.67495386154255,3.37183427301418,4.28130509418759,2.35395139501874,3.51028024204669,2.53929498871005,2.16732923189923,1.98023855518325
2.65072904084504,1.58997265690212,1.52858537775774,2.11780117300335,2.27092926513578,0.730016806516247,3.08550085113512,1.67402828679357,0.557088689955421,2.33063882714386
1.14503659196517,1.69784478639959,-0.314375902801975,2.34192604144741,0.68772048776896,-0.160459701429267,2.21322953619278,-0.0290421239806311,0.843734080445021,1.73665046898387
0.516717991031089,1.15143877437324,-1.35957298169931,-0.406996187479201,2.3552140966948,-1.61470132531036,-0.259341923305398,-1.1621955821869,1.28459084608737,-1.39759570365199
0.964658992963274,1.18031046685459,2.3745297330127,2.20559548377039,1.1410207679517,1.91073368372968,3.42292304842978,1.71088673356438,4.31719053189295,2.05926562337323
3.32817697415195,2.8403377987013,0.902822512897092,3.64808833655862,1.48977465573821,3.45386245680993,1.12119901998429,2.37917653536772,2.62667372114953,1.20872332092479
1.27377671006731,4.14636641295063,3.96936352706045,3.36111880304372,1.84287156499555,3.94327509631641,2.19521030560918,2.4483899032985,1.74725082902714,1.94205423230569
2.16500094038646,3.64383981546741,2.99721362717385,4.41758549839436,2.02648942255833,4.26238312333014,4.09583274110217,1.23680944642286,3.30960880677688,3.19306847993625
-0.515697935953533,0.354017657782408,1.77888910989467,0.264078051471263,1.50602953523503,-0.0309313107322841,0.857326793809366,-1.02634632770032,0.295189105444036,-0.446289553222031
2.523065760253,1.93931658670565,3.22946998966472,0.778752505331759,4.43952054804854,2.83204974833135,4.70044680074673,4.96419576325309,4.70227526272317,4.21910654721934
1.19070553960912,-0.0625790492133476,0.969099513877441,-0.384511803207268,1.59770402367955,0.555718495662621,-0.26044663825937,1.38301072343613,0.442831610717826,1.75051856567852
3.09744887570041,2.69351202785398,1.76061800979118,0.23964930039143,2.7209725570126,1.96387195394732,3.65490535516455,3.16614238674784,1.18383162553732,2.00605615951369
1.05039216840618,3.05547119193785,-0.681330872979571,-0.423703979231759,2.01578250360559,0.48380233454068,0.393201964116667,-0.037079789138948,-0.101215585504711,2.83087583868056
2.01315434295959,2.35413472919502,0.425135686829729,1.80254343335064,1.32837121600666,2.31889438112886,0.660227920102732,2.4586599496585,1.63391389902618,2.61450691215479
-0.437310887006118,0.357671938282305,-0.20166104974816,-1.33802330092096,-0.63847959547659,-0.3735708483281,-0.393385546420947,0.558057460729557,-0.0729929421923839,-0.715648409182808
0.551702308981944,1.88651594392624,1.13808921944751,1.33725653895875,-0.152231110392067,1.13678223279124,1.49188296855118,2.62022620692748,1.02045630939915,1.89927276038633
0.323037251975119,0.551120011234248,2.01909174042283,1.63051576606522,0.226172274882297,1.07153410322908,1.41511260228598,0.448075412543638,2.1509966090754,1.70490195334118
1.76390150841054,2.9227304759486,1.28654415396643,1.76243494256577,2.13064376891098,2.39996365255851,2.22725736812862,1.40260764682166,1.49350501982191,1.09233315619894
1.55202265727137,-0.598806063789364,1.20318783226657,0.885019570458923,0.64639438117553,1.06993722717626,1.23900826232749,0.505358128549712,-0.0283570318153297,1.8607331845471
1.06320366373948,3.02962201571593,2.63910519946681,2.85113894340795,2.00957551188471,1.68913087436056,2.54873004733015,1.92410109449732,2.89966626496973,1.19851878808579
1.32958719199279,1.67456725519939,0.590427637621095,0.296447483945568,-0.819044113276179,0.108050891301537,0.788733955601273,1.60576650472508,2.56726042888397,0.597268227516189
1.7712619457394,0.479241412621613,-0.120632427538425,-0.707016813959199,2.01694482888366,-1.10607691211192,-0.029851834640066,0.910725246171749,1.3692232058144,1.49006588803553
2.06393465193367,1.84146587806974,0.526662455960985,2.98573503139253,2.41254850229558,2.742077323685,2.13816182796778,1.94296641897919,1.22582936639636,0.796608996181457
3.04403483761263,1.50582229164897,3.96403429253843,3.4862355678708,4.91208529596436,3.0599549295474,2.62267062212582,3.22575191865954,2.41693713731617,1.31551428907728
3.96237368079556,1.92181252524262,1.12281498373509,2.57442715418649,1.64552952894787,2.34071698620061,2.15784343561595,3.83552944085918,1.30841298594214,4.23918578427132
0.798535851644594,-0.374589849851712,0.734380658298126,-0.0486474437029034,1.35225877115867,2.16319762983457,2.11450825415682,-0.188115145981658,1.90116948475847,0.218836033352982
1.27593050698834,1.44322357772203,2.60283427234449,0.844023237600885,0.871323139659697,2.47134757480839,3.14231642797972,1.89860300440721,1.51345385664802,0.534874323122823
3.5743002164318,4.13069659998877,2.39774569684701,2.06265027181647,2.58605658879809,1.85818439644582,2.94237667899155,3.95820638760128,2.8965832774177,1.39737133963356
1.57161438712545,1.85584325613187,1.93166637360318,2.22485951058361,1.25450250161229,2.42054792519927,2.19701258650174,1.90101589486459,2.55524464396579,2.41219367207742
0.533440906017184,0.340699179689162,0.444890069861672,-0.0771629532071449,-0.493434060944842,-0.678492058071576,-0.10167742110049,0.414944562879267,-0.859189789187698,0.0777766772997404
-0.0689568833702447,-0.264627132514986,-1.08908238475198,0.592706276379706,2.36306972544204,-0.260626921461113,1.02044008747342,-1.95130055755138,-0.597226280447427,0.211013040802109
1.61910819697187,-0.0302352435839508,1.78669994532915,1.74352038093204,0.980207005832122,-0.453719077489273,1.1613338306454,2.03102612027506,1.98682577554981,0.213574678586253
4.30607760387353,5.45875301283057,2.98074785656055,2.23022531850111,2.68446655197819,1.16210841417774,0.790359422253446,1.82939364384071,2.0248981117461,3.27042676054223
3.50926256376986,3.80045694262097,2.03312986506844,4.54517111635237,1.09198619225931,2.2439284101199,3.42755324874938,4.02625331438491,1.99259721109134,3.99760792867255
3.65112117607429,0.746897116478564,3.12186131469409,2.94803098494853,3.82006076044763,4.51257285203518,3.3327181956177,4.23674427057579,3.71096037440528,2.85990754677892
0.119364243608397,-0.663412897609698,1.04067080961868,1.53144576810338,-0.0878996844864975,0.862103520898819,0.848800691452002,-0.313607836507573,-1.8193894061605,1.64963242223964
-0.12432839294636,0.809162728822071,2.30076483705344,0.31156256838397,1.90197495929176,0.38360886760628,1.13490256401419,2.10019177028926,1.7366021047978,1.49630856362047
2.80256116520009,0.207020855429531,-0.967183652089558,-0.2473044446479,0.141586809487307,2.20776171253814,0.720823173368083,0.00993629797795526,0.89421531450873,-0.27191985820777
3.50315502927816,3.29423656596133,2.9554293588115,2.07335214927422,3.92189100352383,3.79252464519155,2.44931458237345,1.31085204514006,2.95761378104992,2.84343705047125
3.04122051402723,3.20637394165781,3.75898490356623,4.38250055330177,3.27195363543445,3.00434579312724,4.61835537692776,3.00303318474737,2.50745916511442,3.25197074622598
0.343674717607257,2.45484481344754,1.8829456684706,1.7477412437739,2.27040332646357,1.47474001579651,0.641492427731304,0.891268234956055,1.16993344699481,-0.248467551937415
5.03971737235523,1.96285811261602,1.36171728267178,2.05188486131408,0.286486744932845,1.85164254147902,2.92350074211083,3.3691396323096,0.633542561613975,2.66203859439642
1.21887621451396,2.85765703688548,3.52113663288359,1.05585239608631,2.21662649466049,2.07293950222307,2.13726149436034,0.596461421454533,1.3398054471407,3.21113995050434
1.58127831127131,3.79780752049361,3.57147566463433,1.65947340509134,3.06767983876309,3.37337125960528,2.20857521426714,1.19866692649796,2.22045846593624,2.93006785101282
0.765170442859843,1.80894309233598,1.20724548050936,2.94537760538039,2.88933879102671,0.697416533327706,2.19535501332716,1.33879802492415,1.58968284861853,2.07961069069872
-1.07504873306741,1.20256970356186,-1.17865618407023,1.06316401092183,-0.826031785849615,-1.01520501649802,-0.103133620848854,1.31962542650316,-1.30837728538382,-0.0433859021333649
1.43032492035699,3.40977799987504,3.40961281838801,1.87028813389983,2.13263120285578,0.397180598815972,2.99424610446008,0.478117193977242,1.07354157772556,2.08308648220273
3.06095447331962,1.16305277334486,3.677358986517,3.94977560546932,1.52334986660515,1.53552317189328,1.07661650878835,2.51220316720225,1.90995608555929,2.94873584624823
-0.230269703120983,3.72384287429505,3.6386499455978,3.74307931952629,2.00150566890867,2.48852603027458,2.74869255202577,1.30986949377416,2.6681448174352,3.37934246952512
2.4843909461368,0.544517969327633,1.30526505444043,1.30614079345918,4.00434451329187,2.94567300599026,3.02895241205854,3.03384135455599,3.14926494042061,1.53115300695902
-0.338702257867816,1.97874782209275,-0.156035246932971,4.32873906336451,0.039502859277641,1.03647776959848,0.242234454999204,-0.238579029199131,0.0447091465757331,1.08986827886267
-2.03939230961434,0.106583181642141,-0.574153760943145,0.650980901184815,0.658709396002598,2.03357190497043,-0.406765085578083,-1.23021350749945,-1.46001343281975,-0.12570933278109
1.22483783131879,1.63145079794155,1.60707180712624,0.251964461567604,1.97035770024613,2.19741082101954,1.10293761113746,1.13502556539369,0.228319124232364,1.61987406597836
-0.211623514957337,0.363219326157375,0.451891242329618,1.92836536889227,1.80698373134899,1.60561264058154,0.813291929910099,2.66530422625494,3.32716842525692,0.377752867691541
0.0904805427109782,2.37225942267282,0.813026261761501,2.11869990861234,1.08505218099777,0.442820226474821,0.643122659809085,1.91729922428843,2.12962212337671,2.8829746572297
-0.888249019335936,-0.43294087781243,-0.429334801279334,1.58305467244264,1.13784594107808,-0.335360600532816,-0.379066062157771,-0.00882988735336613,-0.28337171535584,-0.0522001689340095
2.57518659746632,2.60703278983811,0.104734997437664,1.18107146501422,1.72029928300346,3.87953287744618,3.1666543165008,1.77159482647753,0.877968128272702,3.75988389521977
3.8167617787719,2.12111876923725,2.44114033770163,1.81350813021255,-0.032165873421492,1.20608691678647,2.61747010194363,2.23249591071684,3.32522922356777,2.26773222640001
2.01959461320869,2.65297181434355,1.99378849457556,2.03536935853958,2.86220597606526,1.65072392507294,0.82485022202534,0.770108776817744,0.616939729284947,2.69662348429412
2.85017589282699,3.51862659120088,1.34405529781828,2.69758487253718,3.08478798142061,3.62260804298304,3.07057954618764,2.80855922176927,3.51284522099097,1.60506488979916
3.84824075855912,4.47925965712748,3.73771144772725,-0.309780315004974,2.58000536009814,1.94307452302672,0.646678961142666,2.1600832307048,3.56550703442407,2.39695335483594
3.21242832932931,2.86299391788139,3.55915253170229,3.10978115890902,2.47909820496208,3.27956511268008,0.930616673502016,2.28521543347341,3.8145178045454,2.91762474474344
2.65223057833592,2.54743056534944,1.23015723495987,0.730619483580371,1.56263363356188,-1.09743847636233,1.5900332433602,1.87185555527631,1.5743321183212,0.936525430540426
-0.293033781274919,-0.944834993641512,0.456422173047289,3.10564739032728,2.45459852341275,2.19072336364053,0.363280791208647,1.74251742361803,0.0111870859989132,2.41718497106646
0.33450189279948,1.11431310566631,-1.18857553740059,2.23618626559968,0.714792843557434,1.68683562158355,2.03612345753017,1.54774131429345,1.4789468416509,1.71589635744259
1.45171337165714,2.4067908113831,2.69340850393003,1.78242497844387,2.17356830571471,2.49330993839377,-0.871583260278866,1.85892955060618,1.12258918159197,3.51383841409944
1.76380598351905,1.28732669279274,3.05983306890675,3.8640788296119,4.47353761498302,3.47112874970426,3.99399562368195,2.76356923811338,1.9820013362694,2.19224036405037
-0.776971021384653,-2.69470668786222,1.23540132135881,-0.936969217569684,0.243915122297242,1.41437059326151,-0.556457185404674,-0.585987012722608,0.0785429773598045,-0.727129874833553
1.31158699402491,2.1217821144655,2.17746917125133,1.18044868073419,0.50372180458733,1.69019002526394,2.54685380572937,2.21611801614266,1.78548394314453,2.94702347059754
1.9566328377735,3.11733736449666,1.81813220250149,0.756955561604016,0.673482186555273,1.93926002683654,1.28561054340809,1.50437198935214,2.15364733804056,0.298124491973718
3.83038340237072,2.57240808011565,1.01682421294413,1.46994150110013,2.30763332945476,3.94276467521666,4.59455242856413,3.5254552561715,2.30240177270882,2.56755882348912
-0.0425992331058509,1.65203878142557,0.610470604825582,1.07820835036221,2.79245637303935,1.7359073984637,1.50292593537341,-0.0469441132607495,3.13955622715886,2.24438682320932
2.07744448071311,1.68498158954056,1.18249316189031,4.20438486620863,1.71333478177632,1.95029371650012,0.764513474564875,0.44348786865007,1.85312488013209,2.86577990023348
2.26654662081647,3.51754502343396,3.78043508612719,3.69056481183759,2.3410466888341,4.85801685256141,2.41145741970211,4.35454738282953,2.6933917492886,2.10972345685173
0.479836849003623,-0.141702535266278,2.406800737468,1.20893879114817,0.3163060747616,-0.805429639570703,0.496831116362671,0.61193494059406,-0.0435237268608393,2.38406496609208
0.849887778138134,1.94932507386975,3.71010208076193,2.86096974204218,0.463721685335429,2.46932314879846,1.07773373720813,2.88611427810935,2.28535979035694,1.80431097623843
2.62993642092766,0.0739819686815918,0.712309796520547,-0.732923562307261,-0.943103441507453,-0.462479451369262,0.828589444402544,0.760834855922253,-0.0655421895387829,0.994109170378784
-0.836908080667228,0.907915976701869,0.69820305954289,1.97025927688095,2.8287157323119,1.68265349214558,1.97883545680693,0.108226283381787,-1.01947509905765,-0.0941131531090089
0.221225955211175,0.124219908501493,-0.125353745909458,2.5236368820989,1.96209392261179,1.33963405985052,1.116874954755,2.48078595928811,0.0797996386737696,2.01084619870155
-0.300523917769321,-0.293019051593201,0.488516965750857,1.3290162512752,0.402444020884909,1.66268719969357,-0.914788972797014,0.232016406230516,0.147318726826713,-1.15665849128532
1.8053925673376,1.905816747098,2.90241871389878,3.15926790629916,3.76757787301378,3.74367593626078,2.09751101058815,5.84472262504382,2.79449587847479,1.0970909235882
0.781714244895104,1.39075942652696,1.23112842094766,-0.0735189596747761,0.916789239833121,0.760286025500153,1.79664153082809,2.39983183107614,2.41663503806827,-0.715738360216171
2.05859689457754,2.039005945325,2.34257063681463,3.0160802113138,1.35080158430407,1.88135156256121,1.62121767523462,1.7534429935678,-0.154025005653227,2.82509665483544
0.599230466485775,0.984012680403136,-0.15276997345202,2.30492703404257,0.0612054482528492,1.85406164166563,0.697465267216254,1.83896802052251,0.938673045152494,0.54899646247977
3.47469330182847,1.94501922661276,2.617024658446,2.05603650247845,3.30335310110809,0.287866759518159,2.29493188860627,3.27588281971198,1.32497413458099,1.24545189244631
0.745890356242722,2.07087343672893,1.39551052686102,1.63785498576211,0.153638397173053,0.521514707384432,1.12838671192266,-0.885836040466124,-1.93481381941423,1.69165805855847
-0.559366910477181,1.09946029264327,0.26732010287727,1.96266728126262,0.592918315667017,-0.164646906039048,-0.583640408766597,0.289727325718372,0.0279498256297314,-0.255108891361882
0.599324320721189,-0.120669009215359,-0.402573142945482,-1.02147168787209,-1.22214612974876,0.972533921206183,-0.37316634070195,-0.602302545355855,0.256549306208372,-0.52188272154157
2.08626037833544,2.42286249645256,0.0511148769695996,-0.102076145313089,3.383876456263,-0.371989570035806,1.14541982821299,2.0494234851718,2.23565545721456,2.53381354589166
-0.192738324802086,-0.0710462874184655,1.16886555877395,0.121081838957175,-1.50201975841204,0.0270422702460773,-1.17192872432751,0.185460307802845,-0.0906046015477162,-0.19498665711357
4.36720189415646,2.14967168915792,3.31964094713301,2.355060480976,3.10902848685236,2.33557717544179,5.42761057066876,4.27260510435826,4.58990234806664,2.15938585557933
1.2660772245051,0.1835161540776,1.10553447135415,3.25862957477969,1.75997070617836,2.59621125961375,2.07638638417641,3.41529202480411,0.802766235053672,1.17908819224182
1.00037837987283,1.83957208733869,1.99378926872747,2.21193878841958,3.41797910335376,3.00645410159716,2.16557048538125,0.424664651064365,2.69227652888431,2.51308088570151
3.30365368093307,2.42712189342636,3.31289956231918,2.34189002882762,1.50403432079517,2.32104088493971,1.47943876584581,1.95282227415855,1.543864716301,1.17356752300279
-0.170316898707838,-0.0821933914908406,1.6476024676135,0.775102195931539,-1.80101667291566,0.234897336518163,-0.270485014782252,-2.14128491397666,0.859088149617986,-1.03171205279649
0.699929491225809,1.31415539686941,1.53724460897679,0.0792092708776969,-0.198852049069801,1.89531073547011,1.81253762851409,1.72657014174996,0.848560667194024,0.233544914741435
2.70072502435635,2.04151520793618,1.89403934483632,-0.575528785520701,0.955206208467837,0.808935047975626,-1.1178562556846,1.89327606699462,1.41874856907034,1.36753576825115
2.3799523697161,2.34749703868839,1.93152066814308,1.95535882993201,0.981734015943774,1.69765712047089,3.24224888683249,2.15263742128777,2.99874148658013,2.02266582372417
2.69248905025861,2.28628103662568,1.07993866080964,2.51910188769652,3.01883448269949,1.75899724278668,2.18072795086551,1.72774848057858,1.51673850666622,1.92571779303949
2.26001308314068,3.92171048416092,4.0368366063194,1.85635367265109,2.72333829713884,4.88052395332998,2.09982082368192,2.98372780082191,2.97958294279075,4.47500817884662
0.40308821598575,-0.774808002308308,2.43601877914112,0.144935095301964,1.09121209789399,0.796494892941367,1.0360358338666,1.18393508877735,0.676911552352819,1.05893561456778
1.83142901240199,2.02296485230726,-0.262465615988642,-1.02510806439958,0.517643743670603,1.75540802517732,-0.880246323610816,0.953944029380412,-0.201634106838301,1.75163514988884
0.963030441413558,2.05937634867641,3.33302337645388,1.75240312638173,0.806127258883374,0.897068226418496,1.73167543268,1.78154968097784,0.176910423456789,1.34856973610695
3.67061196416042,2.70924494096069,1.79226720036346,2.37995614317939,4.04622786006935,1.26450700333122,3.68572561762806,2.61785755253852,2.62254226280932,2.94918792968271
1.91411817794871,1.83097927736959,3.50129659549069,1.35101864490143,-0.192234802815002,4.55914504499655,2.03937517660039,1.21785850504101,3.91980885322389,1.32221425895638
2.28119513226263,3.7847337945175,3.20182747161248,2.93027471530759,2.78523348042148,2.60633025049412,4.18352219152693,3.22779537739268,3.00658934419002,4.11801984768939
-0.53202577761448,0.200983733660224,-0.97085798973629,2.84637671950772,-0.608701003361196,1.87694008171269,0.142217578482327,2.01838571985011,1.52342957642849,0.49555416171638
0.0240613820280173,0.954587313679556,1.26352579872936,1.19065350885269,2.14194253301036,2.28230238240558,2.70309995924155,3.10494986607991,1.66879557957615,2.7318645176714
1.31306499909179,0.518011525160405,2.347017628557,1.82684686595645,0.650143986920002,3.03405172107403,0.489941784117937,3.16134686028937,1.76714470583868,0.180989522556029
2.21992595068209,2.22841087228122,0.726218593558632,-0.359062637236288,0.813657285424039,-0.895224488343315,1.23294922773787,1.13793253186804,0.777742096566566,-0.404161452830342
4.73414445818528,1.90586741287699,2.44288919203423,2.25486086614527,3.35648210283274,2.90160772044526,-0.0898515455570243,2.54770815855969,0.500824993874587,2.94458980832616
1.93033466868595,2.2350610985822,1.04672569326167,2.0270880329558,1.15619136823524,3.07048269311782,3.56945243787675,1.32514395225202,0.996098886217771,2.04520931993465
2.69450655952806,0.637135708702266,0.00619162475533741,2.14790511890287,0.896925810452587,0.488015518549111,-0.747609335093552,2.41023766866757,1.68259918278892,0.275637963977233
2.43737640832748,3.03566930848868,5.57554870868643,1.47608692065906,4.97837703590866,2.180333137427,4.17251428133174,4.20331720833836,2.9908019641428,2.40441913185506
1.26166668177811,1.10399159043531,-0.279953517104442,0.80250078752817,0.126892463288624,1.47371437179884,-0.424238405420763,1.10900230262495,1.23352970350133,0.964743541346044
0.905631208747588,1.55237303328635,1.77578415862531,2.46295569606976,3.61240976252726,1.79140905778217,2.50222045289711,2.47847439329131,4.30828520087914,1.47366901487705
0.510959045074044,0.805804114275508,0.649494666306755,0.650922493266643,0.630918709750857,1.59889368706379,0.810408753159531,1.39019591146046,1.98610209069655,2.77155459227383
2.8507161197734,2.67841963294574,2.47426466706938,0.642705513039016,2.08179474480977,3.45994010423746,0.641080756471134,1.24043328021878,2.36807558242444,2.17325054546762
1.30392471352138,2.86813642556842,2.43836461225015,0.90471235398259,2.20709551054109,2.28882094193075,2.30654693038199,3.32278145289575,2.49297265191267,2.48871300833938
2.33736274387546,1.04104310738382,0.681378484639489,1.86957466746818,0.514645681621969,2.41797859965576,2.91903729861314,2.06527333719384,2.19712552774596,2.28871415469077
-1.43912989270489,1.56363924494258,-0.841970166912552,-0.405701729897491,-0.961266440438861,-0.211032539563662,-1.69218363531802,1.11808721441782,-0.802805221621208,-0.969985865388195
0.851379939881246,-0.827804183337734,0.273066227840265,-2.27407719162149,0.225490978829554,1.55099072277325,0.899726176846194,0.53898015137856,0.650416850692872,-1.26557933675208
1.2797064115212,3.55536509505155,2.77961121641957,0.881992739074788,1.4209390261821,2.99631424211313,3.24382869187345,1.80174936911732,3.16590391273752,1.01738038917252
2.56461280555378,3.0444738619313,2.49933296824401,2.40245735050414,1.90793332195287,3.36727730345132,1.68386069301,2.69826084741575,1.44999417536206,0.981382679390802
-1.05367748627475,-0.737146505324239,-0.885667319338498,-0.210263685888086,1.92625875622656,1.06120519687995,-0.844335882045254,1.27325452734314,0.239694062899863,-0.484484139702781
2.38319907348831,3.11662697948091,2.7525650019521,3.2785003476276,2.57535059404989,2.66517786614091,4.37692034768342,2.14063579435401,2.77706167621724,4.71063558817774
1.70904972430067,0.157212517862316,2.31073747839964,3.73563607743204,1.16396484678984,1.92915575453509,1.68608934452953,3.23494619037234,3.44115854199484,1.14354839965558
1.80480120231473,2.86369362824067,1.53960789140906,1.99697011162822,2.45136976564801,2.16370777918287,1.96229412138259,2.33051395993741,1.99731038469767,0.705245551983651
-0.325839462253935,0.925049115340535,0.968919631658577,1.81420624314865,2.83508629301692,2.00954493225325,1.70584068629309,3.37731511191662,1.33667655553461,2.52082856535431
-0.571844322055457,2.11297005794162,2.4181503018531,0.0100686033395506,1.49231880195649,1.15491260520555,1.37763509749,-0.0129593415214619,0.284281747167732,-0.101104019177922
-0.344920726291904,1.47692801895732,1.29572919800712,-1.13427071389118,1.34866358663176,-1.80145816654229,-0.138537863265669,0.531427193261316,0.907084152603138,-0.832440302575042
2.272641419162,1.62121213238862,1.42816587427913,1.39799030729949,3.09049925762674,3.48978689304983,1.0551115692233,1.96199900140175,1.48712558100485,1.61300437425449
2.51524750039908,1.10692359827775,0.148582680521342,0.931743061015673,2.23198013266902,1.62421667313575,1.68634345295237,1.12309518630231,3.33588203537277,0.443664136560298
0.56915692363161,-0.568546134774074,-0.256538427467299,0.525290106066451,2.75683082004147,0.367441145667969,1.7126217205693,1.429733841774,1.79646981517206,1.00573922219669
2.23978256891016,0.688242233984474,1.27417872494041,3.91894726798089,2.95113131847757,0.420755529216697,0.212205243446817,2.28293051530692,1.5535794441077,1.34575462806214
1.06008765878099,-0.106485330425796,2.20945211447103,1.7539624240574,1.29252896811922,2.42604481582929,2.35434466103731,1.97406645334625,3.04200764015235,1.98318655346577
1.04037342942031,1.95137136078353,1.19237292136748,0.649051676960144,0.951833196204762,2.49508882941634,-0.490567782378423,1.48679258800169,1.38830159538007,1.42070255516732
2.17069802800719,1.79384702383901,2.52001149117604,0.751296412932659,3.03438613169526,-0.456731821526323,0.370782453950367,0.431327250894379,1.92397276735913,4.31356872305451
1.31436446791649,-0.0304517631808776,0.0841719919483377,1.11942992843103,1.84732820337658,1.08616452656373,1.65881501466521,1.32711530265901,1.27538120019101,0.643817420134391
1.50500339456671,1.27211072846824,0.571995850574508,1.80738102160887,1.83261020705616,3.31535777030696,1.59933864798778,3.5674908384368,2.62669622817936,0.454056292391554
2.89834749837502,2.01699136952122,2.09253077876896,0.855850633570699,1.03170046191394,0.867063855497071,2.40331564130668,2.60371465005621,0.274768205714984,-0.34288075617678
1.30871548984685,0.808903161368405,0.92963812364721,-0.177465216961264,1.88506254736787,1.58327151111535,0.318017233199449,0.773938742780811,0.868356989518407,1.94639849410158
0.261045403640369,1.400669069258,2.68954561893007,0.839960110458527,0.164737953300156,0.871806792634327,0.434109628305524,-0.732230333069948,3.08965787097514,0.906814563705605
1.01714417151582,1.18963938718246,2.02539259040225,-0.341698324222808,0.908014055371459,1.90005533369881,1.70078821425503,1.11164382642386,1.46959202716232,0.43596505157651
1.70181714491015,1.4299416234871,2.63364478913221,0.674005659691093,2.38362046625095,1.70229729515025,1.55018508936304,-0.436686216502288,1.18656909045314,-0.403339852547632
1.12998526929562,1.53544932460231,3.53280718359215,4.28524444345427,3.03300659308134,1.56944617758469,0.668566553600036,2.41199153779621,-0.180360354592744,0.396660511963285
-0.0352440425468288,2.79979714710456,1.52468931563766,0.479019637822579,2.42948459971995,1.48091476726183,1.62513416532307,2.85175276151677,1.93629096729327,2.25766868730044
2.12518045056588,1.00113630585682,2.23846547060859,2.74189461780962,2.7559233655772,1.43671605071367,0.0109809611645717,3.14072883911365,1.83966369777496,2.80771459399751
1.83967093488169,1.45456731779736,0.257082772888458,0.530547671106635,1.95858426134534,0.674045001215689,-0.620741855241348,0.888492001066739,0.818890125942415,0.006562572791037
3.40497709216086,2.9312322701333,4.75576257619746,2.09715748285204,3.36126779758995,4.8990558990798,2.36546554001992,2.40525750190339,2.73471271308573,1.80965440426548
1.38561990511837,1.45715532439978,3.3483385396741,1.09567375495997,2.60357142840191,0.941885386957193,2.78988360766287,0.413572572426968,2.07014890498209,2.70110520507852
2.78998645228842,0.974609838700639,0.156113872286457,1.4464277741438,0.548252117353716,-0.332955507767748,0.617200353382997,1.27377957253221,0.244856512211494,0.733820274987063
1.11413247886673,1.89368143733796,0.54752624971407,2.10888612290907,2.14051425977294,1.51498321842491,0.0627076044323662,3.96468046443297,1.77922186764262,1.77268733293357
0.534745499922786,1.01723525960056,1.28807905877291,0.163563636891523,2.20414936322367,1.57060318259572,-0.757620147065526,1.28631800259689,-0.902313895275125,-0.01335050258554
-0.168769506285692,0.53705176109892,-0.816985139129917,0.369527843002159,2.29994993711716,2.09612770462474,2.30977087003054,3.1775957574881,2.45673399649606,0.249605727213204
1.61909531330014,0.800082277202631,0.806098584487941,-0.558094430927535,0.279756266807065,2.42930184445365,1.93190496117601,-0.245002526081483,1.23092505341145,-1.05450835262216
-0.285731921428808,0.500867657580283,1.54596681160493,0.934229945242639,0.0899111298141415,0.989699205131242,0.462386235643752,0.433390727605152,-0.118068355261326,2.95497607235871
4.46905144623688,3.19090039651721,3.92006700422261,3.34153329181051,2.30139871811365,1.41194860898573,3.98445031781432,2.40109262991343,2.0895677225621,1.25095387772444
0.00939896868301449,0.904403152449367,0.940559695682928,0.0833258084342092,1.86565595147327,2.80927568902936,0.871238382431106,1.50643314179701,2.33956238727468,-0.526150769640696
-0.114766200383906,0.931843334295132,1.25836334014117,1.61324828070574,-0.319615339385432,-1.02137315536137,1.01753932504233,0.593153161073888,0.220229896402124,0.17053993683323
2.10289652738426,3.09032118737853,0.520029177200207,0.766443721836373,-0.139694616282376,1.0180402634091,-0.0955817457883572,0.0817814766633022,0.469212861251068,1.88035129757012
3.21256170287674,1.85174005792561,3.84816685161203,1.49631351281109,2.66238217806961,2.7995871291985,4.07403349317407,1.93013972826141,5.49185910055704,3.34580985896696
1.58021996654988,1.01244049930581,0.531783201744847,2.80240070901968,1.94421076909656,1.2637301019795,1.71542603719131,0.244138367310651,0.445501304745417,1.43506161694961
2.32836457176864,1.01359431543307,-0.175395581440606,0.383188283680684,0.669744840261338,0.636468712306477,-1.20007733168515,1.59172102557232,-0.414267785043894,0.463585814665669
2.16287262535679,-0.013013828326369,0.553836748960648,2.57429146077907,1.58710622860504,1.57494032288379,2.32287658938522,1.2384389521916,1.16779621188244,0.751668813481027
4.32506341863619,2.26602749160821,2.35950803096464,2.45011269028472,1.13407082744078,1.07492964369552,2.22757915045113,1.58212854260255,2.86516636651927,1.73610121844131
1.43840100593427,2.74868609911372,3.63093077775884,1.9555451765244,3.21405294607059,2.31564378039403,2.42017821448039,1.7753957523752,2.88149174480727,2.03057892112488
1.14494630473641,-0.00663425033084849,0.773682669856846,0.963685165955756,1.64519965623666,-0.424861393166064,0.678328203996159,-0.16346403192949,-1.87903313727748,0.401618674836644
0.623519482071169,1.21564296685325,-0.253439696785279,0.453539895875321,0.02815649279798,0.353495038248806,0.334711533209384,-0.847915394706553,1.38686954240331,0.949407709604002
1.31182008349242,0.743570813706516,1.04814510352894,1.28907580941918,2.7384335431071,1.42508327615084,0.149112323677831,0.940635537411497,1.60748404322313,0.662410135148384
2.33090025866551,4.03553132695688,2.34701235083158,1.71665217344478,4.01214771885286,2.01076244899227,3.99809151471974,1.88216876688536,3.44511119374773,4.53901736201357
1.91030982314697,1.91618645243719,2.90221331338938,0.80970555924806,3.6197513037603,2.95893834320106,2.86979264257249,2.50186943843053,2.04807778397982,1.91938794973263
3.07663350299005,4.1181233244623,1.43868328068103,2.02345824863887,0.205412514066676,2.34221027715569,4.30123521493807,0.209844215505243,1.22878440910436,2.18230749794668
1.19923638425909,1.37231536391239,0.458505106805757,-0.533044220977996,1.95963637841008,1.0174233445672,0.88592671045527,2.60635456986132,1.82051152963834,2.30928978884694
3.62378592377314,0.560265922883774,1.12462621947108,2.06168431264712,3.72719889877943,5.12204038728458,1.88664503591738,0.251936020677342,2.16341316103512,2.13200342970258
1.0415229998057,1.68952617464201,1.7743052203912,1.34475454297021,0.743279500501655,-0.46308496811162,4.43422640656509,2.98615275992342,2.36283170724782,3.01673956926632
-0.360408427631452,0.33807903729734,-0.562255041920808,1.83489325750681,1.27509053467748,-0.804128199840757,0.0584370792350093,0.807548842489878,-0.270222632605928,-1.12883892611655
1.57221094908456,1.26581953151355,2.06862418530081,0.986798481445028,1.37945562713877,1.23468863074245,1.72373166189269,-0.14866183654882,1.50763976605279,3.0510666377972
0.397913574911534,0.30033814515557,0.372185686965504,-0.00532024653064733,0.252070896594891,-1.48318352489532,0.165094508498827,-0.338086828549641,-0.2641932121604,-0.916486863959462
1.61319423461945,1.47211819414947,0.931665069066777,1.32636055637585,0.215246687414347,1.2562378871512,1.72526428446251,1.13971147244124,0.425910276967237,1.86234600504143
0.785631468526212,0.592348738687977,1.60567872571707,0.707253297962235,1.73780513548351,0.497394548497731,1.10283787660416,-0.651458281798355,2.5418186662566,0.959241735938671
1.20869901102179,1.30370025851698,1.52838008840851,1.274709273748,2.94972466440162,2.88324116969135,1.53769040713023,0.826724128610327,1.10200290739645,2.11041111053002
2.10211538575281,0.108168086452981,1.70292894134814,2.17302570157816,0.785201454536717,1.57072023252323,1.43679209527299,3.33473193740442,2.96433886294928,3.59740173593232
2.09621316376714,-0.394789291237709,1.99628818125576,0.73021974392595,0.884941964777027,1.95410067760618,0.0495573250907433,1.50767249444826,0.918619312266803,-0.363034034744352
2.40526832776701,2.86215796497653,2.14353119133086,3.4161410602837,3.33631547773479,3.55563714781333,3.61525374661084,4.27753187679535,3.0068522394752,2.36150874455963
0.0452869163102717,1.47224099625471,1.66365466358757,1.91098023709369,0.16095652371904,2.46099003338851,1.04457822013618,1.44735127156629,0.29625126963664,1.71371704525262
-0.515292239496611,1.72273079571996,-1.24360077256379,3.06252803179315,2.37615006362331,1.06560172074045,2.70201566811667,0.824566633345624,1.00749377559182,0.255579322461912
3.4278981778393,2.20744764400913,2.04654607707295,2.0294823659572,0.883587651004422,0.696124332422454,2.05219863435774,0.536920077661883,2.3970182004528,3.40379918501795
2.63982823954794,-0.155476663218556,0.240430463118417,1.74634398582304,1.30123954921157,1.82981592496035,1.51906299978402,1.15929126145296,0.421603641182794,2.44466983927116
0.728105331241706,0.188104449159758,0.948560773858997,2.23341081091396,-1.16596128855489,2.63841481301707,1.1294148197523,0.0879349924475986,1.53629014337145,1.79004356212263
1.87629175995681,1.49862891684233,1.44345443954409,2.02935220238026,-0.78589497478951,3.30739777851562,1.30786183691448,0.122085943160095,1.51971942882594,2.0527124787586
0.814550529905691,2.24754701496513,2.1968794730804,3.06976944643235,-0.602196018823834,1.59305338305946,0.941002832269456,1.73926282369917,0.449025727030822,0.761841611381702
0.422000153321532,4.47772508640807,3.82870832960057,2.23665703280417,1.58240596992952,2.24191216559387,2.86124479773387,2.66434683271389,3.30292469717973,0.734432178465978
1.65859655079813,0.724658138502055,0.164821591345179,0.119753341685045,-0.181313236194523,0.257571743721715,2.38246198797577,0.347843232637616,2.34876202677999,0.728454137667011
3.37443682035513,1.58850184337208,1.4772032947197,3.58026031537453,2.28013581346875,1.87743580736759,2.4368637437274,3.04885778005778,1.30615184401497,2.14020426165496
1.60619685095359,1.95051077115198,1.70706621304284,4.03820831404781,0.0080307722832571,2.8193474092432,3.57103465411658,1.80348777001892,2.04172680221862,1.69063782937849
1.02235000052499,0.900637838189987,1.67336625026698,-1.16811294663315,-0.0265347107696956,1.6174967877456,0.464301101365048,0.694439991765073,-0.695089776939553,0.132382136320738
1.04756065757845,0.486751559117101,1.90336287468393,1.67493148141985,1.05738566909677,0.240877578395456,1.03283997053881,1.73433567065601,1.18840375260645,1.02591082815136
0.00957281821232447,1.39235874996596,0.143214843501163,0.787899598296812,0.348819743237064,2.32222463499429,0.642697012901559,2.88939559331909,0.821515772617953,0.074507859662484
0.000661141498304207,1.3468634489114,3.30153866227176,3.51492994856971,1.9540370222585,3.92571964642763,2.6301747570947,4.33899440626706,3.74568739504045,3.45138236023587
2.00724833099592,1.82672444610747,0.994800561091946,-2.23495825668484,1.0670423292854,-0.321819829390807,0.161457212195607,2.01225774829028,-0.465159256120744,1.09295017732746
2.02397354022912,0.0325685222567496,0.285177745316224,-0.877171074250496,2.32182197794481,2.21350461949905,2.43958134287178,1.58911382195495,1.29962353281366,1.72058573433146
1.20702426735505,2.28387070511195,2.52617602332673,3.04532089463488,3.10087388970866,3.94758437002326,1.40906008015784,0.683062836654734,2.43109358420614,1.72307004297302
1.43726997557509,-1.23608869480335,0.553214815273045,-0.0443098008806169,-0.599973638031474,0.00997965316921452,1.53208614094528,-1.08250404866735,-0.455879012797731,1.31719835920212
1.51773805240003,0.00508948438175427,1.79960557889353,1.71370179105932,0.902252153729506,-1.48569359246426,0.116926538332506,-0.75026228650109,2.12298605052959,2.61688761163985
1.18812077742071,1.51815317229152,1.8094031072611,2.52286272825054,1.28051295757546,1.63671608942109,-0.619618231054797,4.35877863240166,1.57591865617474,1.90258378361768
1.5365976843749,2.76145379931831,2.06544260879829,2.85107823112337,2.18565243811663,3.08699490187886,0.426145018053337,2.52893252000246,0.231925635528919,1.36104503844685
1.85701796864809,0.840779017187073,1.6519699122667,-0.357457611116497,1.84246435618788,0.483886739847192,1.12096015791593,1.01524702397171,0.700388374842529,0.464229034246265
0.923801386934805,2.61271178865264,1.24104255269439,0.987599827695605,1.71394317447961,0.154542355208329,2.33758726666736,1.38628590894177,0.35648639211741,2.52474416301455
1.55887387874356,0.769224766043568,1.01834730868198,1.30924212161421,1.64497446440493,1.09791696571464,3.02045199323272,1.82041426673582,0.738691054700671,1.57553837193429
2.74426009121634,2.35676062567003,3.17313715249691,3.87514569171271,3.02081765310396,4.10514316766716,3.69482908047828,1.28806130084028,2.8132933038321,1.53329210932237
0.624144613205574,3.53586136239734,0.781221099415655,1.3868830672796,4.13308021167313,2.51117828030241,1.09898252775118,1.3316506729478,2.9629710093186,2.69278345275277
1.51708710484802,2.04258732439195,1.99633499523125,1.60460488761256,1.15833706201957,0.841522873322344,1.92205547485119,1.09286589602692,-0.728739231561287,2.49791618726519
1.66470630090848,3.03665150086217,1.65477416906217,1.02011233714468,0.0473276045358535,1.67117175142661,2.65002123864388,2.59697449585348,1.74132085621926,-0.483657614319288
2.20878521359287,0.790658470271451,2.12233266736632,3.54071096339906,3.87018231673288,2.1312322546948,1.39264103364932,2.01972335628192,2.22030578308725,1.26162519221084
1.78797791464906,2.7648157234073,2.03866490078088,1.60557663380029,2.82573353548406,1.44991110750958,1.54910835134651,0.752207828846628,2.62736424402753,4.18825369112204
2.12722557238735,0.841048475489077,1.88282831154455,1.36158422262181,0.135932783506344,2.95125432872644,2.30210708816842,1.03294022872512,1.04310472654903,-1.4344218507768
2.64891774254896,2.3568134804326,3.21187844433125,1.87704269042928,2.22950318909496,3.16849024197191,2.08694744338054,2.72300475652031,1.28788837966176,2.21976313219633
3.17712769465111,3.37554367713505,3.57826018838951,1.2921834945865,-0.510683570499108,1.80547937544856,1.98795899273593,2.12035651069886,0.575966439665067,3.20388847658977
2.39198345156325,2.92033908116016,3.81134389213286,4.6069204923955,1.81090027005736,3.62480824798004,4.53052875123408,3.03406129022477,5.21797251934795,4.26467262007377
1.25254008846097,0.244880901259311,-0.379787357733081,1.90533238409835,2.72285473511545,2.45311684906106,1.74770756563336,1.60732688579859,0.361272597643125,-0.198608071194589
-0.167399019450784,1.25563202572473,0.0256778653747343,2.83017633576325,-0.0999617247831239,1.5871406607944,2.19397859425027,0.507634115220716,1.22104133547604,3.12546208022892
2.24653774617127,0.97471529281498,0.650713373418012,0.773964435385455,0.794112421832147,-0.566391202380918,1.83209718768516,0.94805363035291,3.11135777322276,1.95091113507408
2.76156798078033,2.8737918316655,1.60549666018413,2.44444914455984,2.47963734834282,3.0841905201352,0.518044065359407,2.32931547222625,0.834962199145855,1.04059609996364
1.11579605195581,2.895644359843,2.02587421512135,0.576542271664145,0.0208673187133784,1.26709072539937,0.117234326809533,0.0425773631794493,0.102730852038322,2.38625408669926
0.617213980906462,1.39786220671712,-0.853246512056262,0.767567941907444,1.670059322825,1.98309936666707,0.337287621117129,0.145929481340725,-0.55187385729442,1.32406230314742
-0.552722404368458,-0.401256014631213,0.482460186671292,1.33830953397678,-0.657467245571181,-0.0218829241834239,-1.06665202444716,-0.821381219669327,-0.3946261709651,-0.151263200364031
3.11969391182968,0.83269194699284,2.23979240737895,2.82453410229185,3.06287144770664,2.36283501614331,3.25130230673039,3.07432404936404,2.72136334296684,1.91414522440696
1.93727277941571,3.58512716603991,1.94944589601961,1.948283927377,2.94393463568645,1.43665658663742,3.94763755146369,3.88110839402778,2.53656205786569,2.97720577999395
2.07216835909356,2.5752996056444,1.25984296412664,1.9586559935167,3.64014274904342,-0.0555930677309462,3.65049805830465,0.201910458363158,2.08660069705261,1.26275961202536
1.03966725605848,2.57383194053856,1.90721427190393,2.45383371516923,1.44556904717866,2.01768766121085,2.52796350806738,1.47973419011744,3.31175172429529,1.53366627583902
0.0172436093061002,0.698341540433349,0.918284720160709,-1.36397130460179,-0.30849608627697,-0.636149705318638,0.0613525535617923,0.824644244883551,1.33433335555982,-1.65516891510737
1.00370679163928,2.20138213931908,1.04171350756925,1.5694851745319,2.73345502924554,1.16698255145301,3.0975598731162,1.50085763793217,0.206885669532044,1.37348046500473
0.148193343865635,1.13904870319071,0.506945632552087,0.543916486777124,1.05627403942709,1.1214019202397,-0.360244273277925,-2.2350237389838,-0.543282701424245,1.5423193975985
1.96293738645903,0.495158275511702,-1.09792050175482,1.67895864669201,-1.43157982437869,1.98995639044094,0.637410508219102,1.37353931224737,2.97246656660489,1.16753049874474
3.17218881222928,0.748464498629873,4.0692868854217,3.23132722233557,3.07733804779168,3.36157198747862,4.15284603162979,3.47810663616269,2.90969932555236,0.987275867137892
0.724629213992142,0.262019680736063,2.34461889403933,1.45859433235611,1.64302724601423,-0.860323793652105,0.758943837960807,1.52672313038349,-0.565221419698206,0.381160756523539
3.37053481968773,3.3461865190474,2.13506537485053,1.94505661318364,1.44230421859526,1.93976726840011,2.65923085118082,1.21654519695459,0.727392772802697,2.51496430122154
1.46204771290222,0.147241391440608,2.25486186600017,1.01123122645973,-0.167747871801449,0.486685752971023,1.91281067122657,-0.140177123471543,0.338051392497346,-0.697408383517281
-0.13648763775424,2.20284313420608,1.32908501125971,0.964692704910899,0.3086826847118,0.67424406104647,1.08607947749266,1.62794736230514,1.82766214444662,-0.644948472219669
2.74585087589541,3.00905807904021,2.69774894762636,1.05681548507123,3.77995922935892,3.73596597363594,1.17022719090273,1.03710503003424,0.834310284475963,2.0299387707707
2.60162174402488,2.92404445589724,2.87133279386627,3.83123260305875,1.8180420924986,2.39807552443431,1.64689549157168,2.94673493282859,1.23068906196853,3.5605238712362
1.91000055135478,-0.024828574327189,-0.191055266018106,2.25865952721536,0.48786341176312,1.62839475760822,-0.413020373264943,1.69521703087395,1.14543323152445,-0.626110837053031
1.92697602890278,2.85080334755041,1.55938442433597,1.10996481364631,1.65513280225479,-0.603551508267721,0.889846996212502,2.47007494140036,2.28460997094627,-0.453049768859833
1.85149803613865,-0.325912077947785,0.232122439748228,-0.4955195929582,-1.00116462980058,2.42008290359939,-0.661201370194725,-0.174797405145872,1.19758012164219,2.68522324590409
1.16924569030868,1.40698250129838,0.977952286761341,0.535118797350317,0.168098870314048,1.27397634399783,-0.0575295015528281,0.643781453621252,2.06650866497295,0.994824727609906
-0.168397023785813,1.47780349594559,3.41564527956237,3.14994943745354,3.73730387343483,0.553774876553531,2.30425570761099,2.03225137393306,0.926941740831996,1.62890815585063
1.22775947095797,0.0993630745457754,0.933268855729948,0.525108367085109,1.39274716046724,0.634955383041792,2.66107206862751,0.135398869795374,0.246515010800785,1.16676145306925
2.23334348768414,2.88451238824261,0.683551508120302,2.02213339823214,2.95615274150162,1.40185668314966,1.18177103495094,2.01696091162031,0.884203906137299,2.91500652361271
1.28921168132436,1.75335240234816,1.53732943660111,1.67881584955184,0.468393484552843,3.06037817534322,3.16379880789558,2.35758365723419,3.24048815330637,1.2302657167147
2.96029176600916,1.54901501117095,4.64936627918603,2.98700662536287,1.12429994134404,3.51215121944023,3.26972934296827,2.54302819671975,2.52179185604236,3.71683795611097
3.79004056486582,3.70580850892511,2.77179889843173,2.56641475195808,3.35145710506124,4.27564580432293,5.16539174114178,1.63978946637927,2.83790930971462,4.37303427788653
0.0311076170598483,2.16403276216535,0.773875285557251,1.36878334665588,1.22316297004822,0.273744755115941,-1.43636780761333,2.45849276585653,0.539428562063716,0.418306097030978
-0.800140001797947,0.93149270928412,1.10959566891314,0.91485624272402,1.07778993543059,1.06157816349464,1.06009581426004,1.48020260159556,2.55824991076477,1.09095097918979
2.43011835650111,1.75395095273019,1.14931013227852,0.526824194699375,3.5707984703015,0.693301691966662,2.23034518784178,1.14627885106818,2.59384112029185,2.25123895967014
1.78259083603739,3.80956333259721,3.30321498050796,3.76482869779508,1.75992959557546,2.87819082498544,3.28246192322076,2.4845611998064,1.66697759456051,2.22630670268616
-1.28379408710496,-1.82969650118404,1.56470265405564,0.0812461788936681,0.136691621241884,1.82979046346267,-0.0278327352771059,-0.239520289795098,1.21381821660491,-0.326644729009185
0.196853009428799,0.041112791192736,0.919672340776059,2.05244835954662,0.989171082342032,2.0663412542553,3.06600136822672,3.55922298572888,1.98689870800851,2.48961498647705
0.221618852374601,0.964279075012019,-0.993444987405492,0.251826779840712,0.116697589013003,2.49221561224741,1.06301936533412,1.45287506791587,0.652839894986861,-0.0201465399478797
0.414020747757277,1.90071727313761,1.69704252312046,-0.436514745812139,1.2487215256808,1.00479054639206,1.02175236682278,2.45733105116453,0.383925641437515,1.42023526618433
1.7771467974903,2.05247130465339,1.66582535009851,1.60479578589586,2.92929672600519,-0.716937125564284,2.8053111665079,1.79069659490294,1.62227625781251,2.65446578219072
1.97951687960133,3.93423782304983,3.35875599555678,2.26167663964859,3.61632618474617,2.38878830898526,4.59025203482792,0.904381852147014,1.55839647075828,3.8470694022894
2.505024339692,2.76697542670402,0.961947216965872,3.80968298900093,2.24379012878413,2.27850132467331,3.76362899060712,3.51926334361944,0.740860824857456,1.22278657854724
1.15793323245176,1.73626118770135,0.820696027066185,0.782553464883969,0.9672296666825,2.88505890625413,3.43369093656584,1.77346023899017,0.281024256942675,0.67895391063705
0.317738958769291,1.15559867866202,0.582114394973535,0.904612527496177,-1.35102442105307,-0.392167405032495,-0.0407060760949126,-0.514992791319654,-0.10612375423916,0.440854307410342
3.93195746533832,2.35641981905276,3.02682881649384,2.52301488238551,2.75865702244373,2.91385375667543,5.09434193381598,4.86793824316396,2.17452454376177,2.59491490120802
1.21508386839136,1.19155892551928,-2.12494825512148,0.257279697230447,1.59475291705286,0.20596978488971,-0.173223715967272,1.96439548915225,0.534765904799894,-0.024697918432874
-0.290677344278681,-0.499823746960466,-2.15193338178914,0.603998946155713,-0.602208057139866,0.532160274467607,0.464238366679522,1.80256219424551,-0.323041112711519,0.169616236091009
-0.468318421638241,0.132095350624322,-0.675543295987518,1.31565906562282,0.105762848447082,0.117061432722756,0.213071389794426,0.303091436355177,0.0502462076061288,-2.03572168365948
0.801005061213848,-1.32152522943209,1.91932895961437,1.96343357294021,2.33369993728097,-0.385079851767246,1.23531405847369,1.24954969079666,-0.216057071692436,-0.304962347898472
1.10701977053437,0.854434901185669,3.25111750203901,2.06978640756992,1.51358126434733,2.23122005846392,1.89328277109769,2.25003064995256,2.9626628599985,0.885647402505116
2.21733474951644,2.01878397416841,0.487699379282085,2.43478913628594,2.53412404087365,2.79808444052889,1.98978575328824,2.30563998449686,0.151280784057254,2.337111492987
2.13541190260628,0.449713798203192,0.965570132848924,1.64340343152353,0.637423699128032,2.87143029666191,1.23816224680385,2.18949033476411,0.159859380543856,2.18304635923657
2.34793217280943,2.81495444040128,0.804826736425986,3.52720843268903,0.347088576797545,2.29037090036155,2.713801142013,1.22159467245674,1.53201822111269,0.819684984811022
0.107001032798234,0.845905988037551,2.8431473232663,3.09597489795299,1.53241872143163,1.73163851204511,2.12422451442032,2.00140771395931,1.86756820300152,2.21296923104934
1.58040930294147,0.230640640581776,1.36904005727194,-1.59722990609598,1.23416377628768,2.47001107854201,0.352577632711957,0.108023550452029,0.26176975675013,0.898007836536396
-0.38768393369066,-0.212435665553144,0.764664638926377,0.625203483039809,1.2426643564187,-0.658504678575821,1.25896281177355,-0.284329916602912,1.54240263589906,2.56185246965546
2.37423764206897,4.43089608348746,4.43312483793543,3.0991858480396,1.97641765459674,3.96999718186754,2.7788441384622,2.29104597906945,4.57071854226807,2.88214596360406
0.81896034092083,2.92491870572744,1.72644582751771,4.30516464704198,2.42951051687423,1.09364075745103,2.25064402850028,3.09504999772045,0.680144747662873,0.776044573130553
4.43980626874551,2.27649195513919,1.86734471995855,2.11662754562222,3.52489686929639,4.62814961038897,4.04060510343841,2.5034220680118,3.56736230049141,0.868575853147593
3.78522460364751,2.2988704422101,2.14669386398294,1.26030940351286,0.131856822659157,1.06925789952432,2.96196024755261,0.33097537193583,1.66569981300903,2.54183251168577
2.39965473794756,3.13320807639714,2.01443113814029,2.65501695187316,0.473822799821348,2.04035323643863,1.25256006969442,1.37827688855082,2.06587004905862,1.41194512200644
1.9663050528772,3.15649153574619,1.25370010476307,2.1863875690238,0.703666293206983,2.2233795820604,1.94218269413177,0.2959835402339,2.98214069655231,2.11463369900511
1.74897378533349,1.41790626672834,0.860795953414811,2.97750971524187,1.16847675072591,2.76756686794214,0.993766560111814,2.75761629048409,1.15238022741314,-0.605711515786689
3.06696247299271,1.35814569282632,1.44896861546395,2.1391178724213,3.22676428609265,3.34281741568329,3.41048397866992,3.32935743108516,2.26399221384068,3.17448196180059
0.332649957086128,2.80805022609503,1.04570010886418,0.295525140247826,1.66453025208947,3.2798823791586,2.70490501173868,1.9945278033897,2.49057605722148,1.65281147110248
2.12073541656862,3.67177454908912,3.13666925610573,2.59012419767123,1.76356705670432,2.88289399849683,2.58058535975793,0.771962143808224,4.43818473804093,1.52472089271373
2.32149984994427,-0.954136892369707,1.60356643323503,1.86933079858351,0.712032363252435,2.120360269136,2.07522759924845,1.78690672483035,0.745522921103237,2.51193666297968
0.457649194602632,1.65057339029292,2.70337473964532,1.64558332238988,0.919574337089192,0.229701643937407,0.820058708517309,1.4739596821205,0.60281750475686,0.00387191600857439
-0.27680078444625,0.361647099008168,1.29170525639564,1.07137925414023,0.772093037688294,1.05705727028352,0.438690347357488,0.731537858343621,-0.0565891109644936,-0.432919770592857
2.46893153298988,2.60142081650726,3.00933785340354,2.76529306198562,1.31148957101069,0.577746558462273,2.2218461206332,2.8190659624192,3.43130910345259,3.11018535252132
0.542202644786679,2.48282027800141,0.269678178410089,3.10750118411238,2.50014894470736,1.36033209438269,1.90741007153768,2.78521281578412,2.36844349766821,1.17978537062161
1.54892990045786,3.25605367879806,2.30572457311203,0.505758430596608,2.01639926418891,2.06344367337827,-0.348529306753436,1.85454242247718,1.26340737714915,2.48296278898276
2.6652190059816,0.0673471348818031,1.7642723683275,1.34928972997455,3.23903403888017,1.81919967208825,3.02620452934286,0.475020451487128,0.709236457471499,0.916634487096504
1.71235854278531,2.7073588570299,1.95253561896934,1.52022771348404,2.04299367591417,1.20812024238629,1.09304449189739,1.91602887861828,-0.334744111751285,-0.699166843474143
0.229140551540935,0.24929368253662,-1.69680751837768,-0.843289844567273,-0.702173723955417,-0.545333165305514,0.139736700360752,0.411141403354792,-0.500182764386463,1.29277503896545
3.20138790590435,2.41641465913954,2.06815407926262,0.697003416776117,2.66581472631332,3.01761654873473,0.0914137064621838,2.10733619366431,2.29385855017388,2.60405760597175
1.42006042158154,1.27567302982138,1.96631538075706,1.0456385205036,1.14697313383139,-0.474529930918114,1.13562110026766,0.373095874227627,-0.0944368783815466,1.43313656045545
1.57936053931869,3.86033430888041,3.87882984358979,3.33578032585716,2.96833540518418,4.35993485073803,3.55529824208924,1.76683517183881,0.413127069824434,4.10855506969875
4.15477515226192,5.25026310355344,4.25027432401068,1.11492142843289,3.29756053482519,3.73105302737598,4.27717260029364,3.97265237419682,2.19435831933569,3.75789059961523
0.0650630052758494,-1.5962559716434,0.336246651451004,-0.908222972843625,1.14954509852856,-0.743880224160864,-2.27819767480013,-0.968313673860093,0.456025836571562,-0.774917467204611
-3.14306877827361,2.54788004229178,0.0417983302042092,-1.64674453884617,0.00983861568618182,-0.347620862234469,-0.385949361423093,-0.158318855867804,-0.650727570542039,-0.131361778080498
-0.368698509044193,3.6600493119024,0.656164737203883,2.82311763911039,2.28730602846625,0.489670631129346,1.05993418111302,-1.11004674763283,-0.921079958509756,1.31239883534626
-0.216224624378673,1.35311309180969,2.9908699422309,1.99490011925394,1.09667035213856,-0.175584333010564,1.10620033663609,2.65879560147734,1.19208740525358,1.20597676326708
0.00505159784490494,-0.361219926611884,-0.0428450738764787,0.82337593254568,1.13469038979001,1.60921739208142,-0.357813067031066,0.488413573565147,1.33445858219939,2.92352630637075
2.16923366760728,2.37767596050471,2.46782783096855,1.36570277319867,0.736668064955247,0.893900413761812,1.60328231396039,1.0050420568857,1.28138770284332,1.16145199432775
3.52122817177322,1.16847904852904,2.71347452758251,2.14092686831959,4.90022198337595,2.22217064478437,2.49625942909323,0.550824760702728,1.3825246429939,1.69392800218162
2.80767489428932,0.501940004858956,1.7703471202704,1.85753260747618,0.370690457563761,2.76008945061205,-1.39000819115967,2.33057006577379,0.953057800971947,2.57459327986401
1.33196970483367,2.88995786491129,0.544789885286614,2.34138413479375,1.26197729266514,1.08176658486709,0.371855136906725,-0.0343359792942737,1.63208673576498,-0.025539219446036
0.837530171620631,0.451865803636841,3.0819171349428,1.05168105483022,0.904131475762797,0.853932948020993,0.293332487482024,0.250449188963369,0.69592198344008,0.63149398278535
1.86910039813124,4.92624211316516,3.56979822526148,4.57347578389878,2.79595472512183,3.96776353914279,2.76662304577084,2.17333509721147,2.89875623495524,2.43666338309807
3.4648792630213,2.67252514943142,0.966110849891324,3.01634958662672,3.1057766134178,4.1572491724276,3.30475080293924,4.13616800181809,3.07359153958061,4.79352915356201
1.42189617292351,1.58602220721071,2.21217002627561,0.95813246189789,2.22270907346431,1.84693924726697,1.91773270366007,2.31130890726984,1.21878158988977,3.04048914819379
2.4860893084003,1.07551057378861,1.97082292875337,1.16283606023077,0.766037868419035,1.25978995664873,1.78965676335352,1.06220961268921,2.10068140655058,0.478829918732456
2.41744672687318,1.89596523957041,3.01130737820525,1.56584335229794,2.61607546728745,1.64671183454872,2.00288668213581,0.591890235265758,-0.0265610068685551,2.51325224206985
0.559266579263901,0.444785789189372,-0.278083814515245,0.265197000027328,1.09767652256445,0.56065953777276,0.073207503614018,0.229840977139056,1.11956337497725,-0.106299341815586
1.97694880515421,-0.425162853373077,0.472042228171932,2.7709160071885,1.93515605639774,2.2840302617588,1.48023391894614,1.285833690583,2.47888910062484,1.22273837257231
1.46009404054222,0.644936397282478,0.360407137755199,1.5439793385195,2.14636354392162,2.34293519276072,1.42728759938109,1.42361209199757,0.866598148321391,1.39881444771519
1.96398074064366,-0.392252702969712,-0.866127208695851,0.209859503517854,1.5137764904972,2.25459478992667,2.27735671346821,2.04567818949713,1.6629897867297,0.529517610237863
2.02979062094427,0.503384019929157,2.2226062646638,2.39056767248586,1.76436119581349,2.43804147064727,1.09282980105746,1.06636998990001,2.51618082080099,0.751827404148356
1.52362330065652,2.3478659204893,3.42739957909643,1.43085477376628,1.70492175082131,2.29882344326984,2.73051929282937,2.22718658490006,1.92724109727259,1.82122468950582
3.00827233332546,3.63592150582073,1.77117288670579,0.731979007929282,0.911712826405242,1.25338671445603,1.35276501380576,3.50482845807808,0.94704527021849,0.647060910102288
0.573089666931323,1.41785985346858,0.838227479399982,1.19059460391933,0.533845865766914,0.27755788868691,1.80589088936993,2.10149937499642,2.04048048610358,1.78216123668195
1.0797276965934,1.05684974535814,0.229072939476046,-0.165492324426672,1.55069396878158,1.7826048819302,1.33644629302818,2.04346332813672,1.38472232536442,2.68383905609007
1.94700292547801,2.04470278666158,2.05220895292925,-1.32156852180139,0.391285963742916,0.466889067241954,3.46891302405616,2.6704484480634,1.21362352123531,0.161568054458307
2.20191673378493,0.284617151006658,1.31018035721594,2.72533454594211,1.5918798479464,0.264661766202629,0.466410685350717,1.62935789859233,1.74115215615679,1.31120506901995
1.1016595067652,0.637528227353259,-0.517042972152843,0.727625159674854,-3.69419345226155,0.663234750148209,-0.177191650022129,0.527646091730022,-0.0865733583909081,2.92513606161395
0.625409510891315,2.83717481474263,1.51141055207373,1.60517209241128,1.24727747554445,2.52548747516828,3.41274089797122,0.440995315885398,-0.0731298459128535,1.00360975342109
4.18704300843216,2.87817671581296,2.00097946206473,3.45723508621101,2.56213244013675,3.41386488500534,3.67795001561456,2.76728170458597,3.43751286267062,2.50146916741368
2.31409549244977,3.86104889931934,2.9685372454616,2.59566795236943,3.54382691677893,2.68747972565137,3.76214391836858,3.07998454753928,4.24394773603871,3.25967312088488
2.16975506927295,3.40022239783576,1.13132829802423,0.803688336314575,2.30272621573322,1.21482882110403,-0.441503143829832,-0.581828633603966,0.105932916223123,1.25883975032165
2.47456904084063,2.75604220403223,2.28823114043546,1.59817898787429,0.342543819680326,2.09502195457985,1.66393312437283,2.46290187039262,1.82397782595333,2.27178415461377
2.22953825753488,1.48808127950148,0.672797344608844,2.07764423681337,1.51647779568612,0.954762295261137,1.3744403016056,2.47391767943912,1.6140131256752,2.08615326916263
0.0758485454894871,-0.493228407111287,0.384513346769659,-1.47341111229149,1.01646798370291,-0.379951200252065,0.457478689552115,0.220765593253136,0.810861851561819,-0.110444042439799
1.45658983403765,2.73832606333382,1.55258898792945,2.0134587295915,0.939239553217382,1.0926823976399,1.5844551563665,0.594570408016084,1.30005106193174,2.77952284367489
2.35724474833895,2.96516420582018,5.13380872579955,2.64061193503686,3.63386776643419,1.16468160910528,0.426110045583981,1.95633626077157,2.15132028243789,2.75628162430696
1.30737061384564,1.60023720238359,0.652816203587253,1.76359917274827,1.13928861495141,0.365267619282427,2.5558899347814,1.69802475502266,1.45385302669434,3.12244713074963
0.56388551879426,0.0446702894770866,-0.23303118944562,1.48425729289724,1.21284665921252,1.70873351790099,1.9706450581206,1.7524397928594,-0.520752036240232,0.305344000425539
1.79354814027918,2.60363366865116,1.67644954722958,2.22960907859682,2.61735989754752,2.63617960823681,2.65018626768057,2.07049571424605,1.34451376377573,3.36884747265256
3.13902310291756,0.873470380040235,1.81364216914449,1.69977506905526,3.42793661210458,0.148343993020691,4.03845243089497,2.91945921862401,2.61224752352804,1.07440350210301
3.40515381515702,3.40079693400777,4.15569899505718,1.76949963348083,3.73509918612672,3.79981434373172,4.3293470577427,3.50523535440321,2.46626353040198,1.91020574818743
-2.49159076746086,2.06570586541759,-0.451552211755815,0.397086518930247,0.76043785569562,0.437180742800854,2.10006029062722,-1.03591121929517,-0.570955226131418,1.29201803896395
3.36099707039513,1.99492466363023,0.765926026465982,2.16196672905516,1.42301008405699,2.28692209722653,2.33408095606666,-0.0102273836096272,1.44637567611141,3.02397269397376
3.79346697460836,3.21372417083878,1.00956936421722,1.44762983280173,3.0830003736751,1.36334917668316,3.3471274065324,3.37963859981519,0.423766252385289,1.87060619751762
2.56906283947527,2.05122927018963,3.80568501029401,1.11916330031597,2.29953770584848,2.0578897251147,2.34613349232935,1.4259516596893,0.627335180977254,1.22056301911255
-0.605756485432714,1.80472009998689,0.434568739806831,1.62101300179966,-0.318540242150585,-0.653353165113331,-0.640249865574718,-0.340427555197065,-0.242134741159262,-1.6913724971149
1.2880523466876,2.16619437061314,1.33783332837524,-0.512088864501041,-0.666306184105054,1.18509232700193,1.03108028378187,1.89565364554395,0.786357212179489,0.981300015799695
0.890922684690236,1.7216952782226,2.64667721381735,0.942733967313933,2.71810595201829,1.89261102245104,3.17630522310061,1.87871662853734,2.15252027162413,3.45354114395729
0.44475571246381,0.656726252107367,-0.512026099058339,0.679316066375102,-0.76859401514783,-2.38526139072962,-0.17421965295251,1.13467011619101,-0.36140524250182,0.226000342332169
1.14660148547072,2.76159104612448,0.870740871058303,0.919703125813859,-0.453762410383706,1.23907331850224,-1.70916518005826,2.01027384782179,0.960744712048321,1.92263650585006
1.58337908292072,1.7778341232198,0.250267521534119,1.79445143471003,1.16486714794543,1.80990431830033,1.3459569353738,2.52653887002978,1.62605355068668,-1.80020126793964
2.29114531717428,1.34587821207569,2.56037445404775,1.48893484795827,4.64265479801541,0.572808726900372,1.70705308554718,2.41021395148662,0.79251484292969,1.65722097870408
1.19560581484945,2.59743719242993,-0.817431517764278,1.68877776402553,2.15602672293552,2.2899352866613,-0.253003497094294,2.2796921665489,1.73561234458815,1.43219393494387
0.976461846073645,0.819984117044299,1.75264476339867,2.66268826354254,2.42285437640224,-0.656085616961697,0.787491548617448,1.30280905780768,0.215421387441701,1.07364618729711
1.75485355627752,1.97516394227302,4.62945313021305,3.92590507393031,3.14439274996379,1.86608626780197,3.49011768552656,2.31781024074202,3.88155695192188,1.87411389313365
-0.233456736272552,0.693750716607453,0.717919594975157,0.528225580514869,1.71083085424259,2.32203812319682,1.42433980381311,0.901231432120942,0.90486390481783,1.11188211699555
2.80817830998882,2.375757788345,2.52165003750377,0.987224569100123,0.275016695851492,2.38000682088171,3.47071919717055,0.869750934595476,2.8186192996455,2.70583782811488
0.729136678959864,-0.829088623072611,0.18226043199318,-0.317485013791315,1.94306196723664,3.32507457944839,0.824169066082109,0.402494603197883,0.172762485992175,1.15340745043421
1.21771410000323,4.67950139463374,1.65798896293648,1.63607321141419,1.92773973354399,2.65588053901872,2.16681640452612,1.24438631045893,0.522082965183738,2.01903680600172
0.590441689801421,1.0481196777674,-0.563797252390807,-1.28330987977586,0.808814791351059,-0.547228277250224,-0.433831195882124,-1.1621812203705,-1.00621289931543,1.29034842589329
3.9877825352825,1.55639871138253,0.299875212464282,3.85718669367096,1.76667416335303,1.06237598658444,2.88379388477431,1.43594768698593,2.59367307853885,0.924249681042753
2.12742081447206,1.14672085128011,0.703522342700145,1.98012215670346,1.78044113704763,0.348972358708272,1.88181457079912,1.02966870824242,-0.29641460405253,2.13006540835567
3.77721499446453,3.53469876286364,3.09709773534026,3.54301425677443,2.40879121566355,1.78565903090985,2.43156042141902,2.10043095291867,3.07478008375883,3.89243103543788
0.598991508802523,0.0625068026829813,-0.531994896837947,2.47605101301717,-0.0640885147757918,2.14315559828794,-0.963316645794531,-0.388143871233619,-0.0248915784082903,0.869983364457582
1.75520953652414,0.993559051729997,-0.68290247937378,0.434466758869806,0.318671978547528,0.139054233451619,1.84272333299361,1.63809059879097,0.442994184682773,0.486956939497598
2.1843933346819,0.253849121557163,1.11800365405329,0.677698699367632,0.636185175941359,0.919788970422325,1.82192565865459,0.900563346077764,1.076956135646,-0.573895050234729
1.97957227208562,2.28410707659814,2.0112609391483,1.73226413903719,2.07641415378247,2.21254800118179,2.00141879770156,3.22170854868908,1.74024432758925,1.36805264875146
2.27895297140506,2.44198914078114,2.74471628198058,1.95325319807743,-1.4698892253927,2.59098890346,1.65203578790784,2.26580512310676,1.33845220972349,1.80499769706309
2.93839575866981,3.24577328759781,2.45604941886692,2.33236607432093,2.25656574223501,1.12190430254079,0.673573235319682,2.47955168647294,3.00102969683072,2.84196069600039
0.322787045495199,2.015140436278,0.603985776564145,0.933421021054949,-1.02763307427681,0.0218135542338891,0.99784685538751,1.94078800561195,1.82133777955287,1.97084980423045
0.0337621812219537,1.31036664692926,0.5560123322574,0.848960377431464,0.170759895191501,2.06162966628584,-0.0368921657502486,1.99045853005733,0.13269387243222,0.622607962429831
2.57910996339147,2.53852174997103,0.907275145832152,0.844920450844416,3.74067686800534,1.34545206388233,2.34473512562468,-0.26378816746722,0.492847882475004,2.12029657895005
-0.605302018129348,2.42110827821354,0.34056420982066,2.02032959433823,2.23954731954161,0.0556750893695095,0.0334410466003907,2.21101581779358,0.665864887534125,0.212511829809978
2.59790933058478,3.14509152363817,3.77449890948501,3.93779412879593,2.25355400343743,1.03941538572635,4.47001769755223,3.64290827557343,1.123483561987,2.32075711744502
2.01888316173564,1.02455132024375,0.0912474765888238,0.764025003123107,3.21564462639325,1.05019505694312,0.848336708647107,2.01775038203389,1.52647053411882,0.130710161660725
2.61521943770164,5.28384495523513,4.36019369739411,2.37497330211222,1.17799296040178,2.57169363996737,2.81716272244134,2.50567742303505,2.62981043811234,3.23600276562408
1.29158962994923,0.639215082263311,-1.18610027134677,-0.514310806282136,-0.0254476697599293,2.198377741836,0.785527782466518,0.483858930016939,0.598955017568993,-0.365169732043346
2.80374106082809,3.21723316025838,3.143700445631,1.81333263296073,1.90972555510048,2.97755781266608,3.46421623210363,3.5188685054991,2.41694762308877,3.64009149845227
1.816726271621,1.62109511204482,2.59009487219979,3.95562761660066,1.33151325526211,1.44003177740736,1.3710315705889,2.00010954083068,2.06908083618593,1.5406234930361
4.11828731769163,3.53070636916788,4.90085345154773,2.73259253674196,2.54495573910142,2.14016545546814,2.94776951386647,4.28138242815575,3.88382427936098,3.84959165039144
3.14225690769009,3.0712363024296,1.17698208351332,3.77506655021441,3.37540992655107,4.44670042840331,2.72695276974859,2.67793181943997,0.354173934308633,4.292399655411
3.35319842565673,3.3387919305069,2.13135001053802,2.60839704889046,1.99029816398107,3.38555862684738,4.10855197172797,4.17152516322728,5.34989529391424,4.17804874078347
-1.00554702580246,-1.05395319886276,-1.0247754414447,0.315560919366853,2.08779045331038,2.37768473584984,-0.28754647276978,0.137930314121378,-0.85557304403682,-0.127874118299141
2.4578706776324,1.36374790980029,2.23287168234579,0.233749821312751,3.16000475092049,1.27012183759042,3.1633262472984,1.73886984121095,1.90584922264729,2.30289570143197
-0.469299045404002,1.5329828522892,1.22963003221346,-1.48256277992631,1.51026256405334,-1.54903589049944,1.08378991294721,1.35962052854345,0.820757589024378,1.31789102348828
0.881298521355873,0.404056598345054,1.53961148120156,1.55926323532641,1.15184102200401,-0.599840514435675,0.0603033854989551,-0.958483850810519,2.73731599973198,-0.647315847551843
1.70207720775586,3.30707335743289,3.01454780391111,0.295414449429694,2.69637969413725,4.13881702010409,2.81468333738151,3.92383542150791,3.27399862604317,4.74328713496463
1.55030832090409,-0.456364448598349,-0.564071791678701,0.897863494243534,2.55838602491259,1.66815663630771,0.133469010881463,1.09896486424142,0.928096821777347,0.391371621208304
0.191809493937494,-2.14613927215026,1.47391158836694,0.417557103259659,1.64966277984936,1.52439768719734,2.48631955358453,1.99030603492161,0.0551890821387589,1.37446655314379
1.15753740438763,2.22193051602995,1.35332774575331,1.38980869373285,1.46936965188716,-1.08066046471163,2.82913110816189,1.70974318101137,3.00411920087531,1.41890545930742
-0.0367412799451483,1.07876764592014,0.64446730144067,1.19717113114414,2.76084902497664,0.21376727349683,0.0155111716092406,0.0121492895883443,-0.0682907262473362,2.88127640543741
1.56306462490097,1.47977363819633,1.74136667397504,1.42908051289729,1.09665962989545,0.514626960359276,1.2382721534482,0.938046797238827,1.00158335200342,0.806761576301165
0.72286272155567,0.566316254592649,0.525111208898905,1.91167443828744,-0.705230699013635,0.892103789310336,1.30326594125106,0.372586434491806,0.182552253978849,1.18210760840283
0.85281040160763,1.60206792940787,2.05538124160225,0.552175811398399,1.32633398742761,2.78873142631291,1.7549701816781,1.00445386244537,2.24008583821283,-0.508402298911138
0.718431991859376,2.8143810933945,2.33453910796603,1.80983910294341,1.25800014292354,1.24117556363353,1.04457409970206,2.01040292360385,2.81543277787946,2.26642264005293
2.53934711039928,1.82142382558139,2.16353198149904,1.83148364699196,4.18804733570679,2.30031902506995,3.37584307556531,1.98851182300037,3.09419374181177,3.42786152590567
1.79944263850045,0.269805617197705,1.1994789813996,1.40599475715033,1.90870424697875,0.453785108565559,0.549786999574702,1.46159116543889,0.0431502901792521,1.03869242045386
4.48373722897451,3.08167291543609,3.94439329871426,2.27528113766785,3.75655908520858,3.47664342261437,3.31595281325683,2.68478942691129,2.73841621874996,2.87716790597569
2.69309944648399,3.44968822974559,0.551453973939541,3.09242942136312,3.13660310281716,1.58025948688824,3.30090177627017,2.17365885382127,2.66427811507208,2.49504979404953
0.666295261566532,3.30175066272539,1.4449206568384,2.28661028258067,0.194635514946976,1.10785330906887,0.67600212626185,2.64109985328899,0.406674030016707,1.28475191877245
1.60903621516981,2.45288364142703,2.41694189739519,2.79413511149145,1.41472466356978,2.70227025250984,3.06699239928898,1.08889226183286,1.82635616902255,0.857396901502441
-2.19488628347745,2.95303675309594,3.37749844148558,1.07811924471324,0.660409482159518,1.04853031966547,2.03442323770982,1.4114734044416,1.42262850279487,-0.0579748197921719
0.922499447251758,3.30628055749122,1.67655550339518,2.65234537206239,2.23329562003829,4.12173585666859,1.44545892493658,2.90448642275784,1.32345436701637,2.23848990115356
1.15718781884486,4.32432494920941,0.225792060778979,3.47381582399684,4.00563559382153,3.08339696037912,1.4320367466444,2.78676651978083,4.42695082279324,3.30322040163858
0.0463637233826343,0.285232868043172,0.118743037564735,0.636010055185054,-0.959428323150592,1.77319059350512,0.221767585558366,2.03632141742594,2.27361207674712,1.24215921624045
0.433608324714314,0.245294164269778,1.09929851388278,-1.04083809282204,1.65669703168312,2.37487216413923,2.19305627168636,-0.364486726467408,0.61977671268978,1.02568275189315
0.385876880084872,2.21121654504964,2.98412877834508,0.0334614384177891,2.75187046262678,1.5425904160738,1.14350908194447,0.463697794546636,1.53699141443205,1.65347020372157
2.49260655099774,0.76953200384237,-0.272637001731384,0.302108074242713,0.417414991252873,1.66238479673881,0.951970914173794,1.22276126057006,0.529819272072586,-1.34447033384009
1.17961573633367,2.22184884442601,3.07594654569835,4.28654873973105,3.2079239814809,3.00949523833243,3.72298454872548,3.42332679933628,2.28602430906093,3.73782324264035
0.775448976045,1.65099484574194,1.27802317731856,1.28516351530844,1.69712073332895,0.170041777413877,2.21087243834013,-0.592508308800669,0.725264357780942,0.684702488562136
1.81903262151952,0.122335235416918,0.323056608267872,1.2730908188414,2.02298338555166,0.809574581234786,-0.0175450618326378,2.09857766501569,2.07361141818225,2.22040219971542
0.238320722293336,0.54624801222524,1.35090757153592,1.30879485250512,1.56902829699902,2.22655992628876,1.72660139798465,0.588410928839879,0.118112310316295,0.681918925835825
2.4873359416544,3.677198224229,2.39371230587108,1.03668942434625,1.52807763766037,1.25212178951548,3.13870633308465,1.29173858505934,3.48672214709156,1.84593770487322
2.87762608441904,0.471280818462407,1.97151844382833,1.1165476656915,3.17743421914636,0.911417926102467,1.85060184708779,2.40551202935741,1.64851649184565,1.26377538825246
0.671243886792643,2.70723039050556,3.15765535053317,0.360144942446349,3.22803672161513,2.67557861625826,1.9797878150355,3.01533981641384,-0.128909960986897,0.623399667484926
1.18256779868254,2.61316906962647,2.43281418154854,3.02160413139686,1.94048680277688,2.32264154539056,3.54719966595756,3.73103588712426,2.04034542431902,1.13427028091798
1.54081366698492,0.909677109554758,2.03811544697815,0.180428259139147,0.0445292532245768,0.834177818031826,0.737303671738818,1.10092684126979,0.321821992478218,1.3310960753482
0.458780376678847,1.02201936399319,1.68735204348696,0.974865784270451,0.567871888778951,1.18992855595366,3.68565265734001,0.0214803790301955,-0.639827463974243,2.36615136598519
1.90893756563217,-0.249773000281995,0.480153270087586,0.0619475733529788,0.948615114088943,1.60101946430923,1.92571267085431,0.641469196406931,2.30304671680148,0.654805091360941
2.48151033936688,1.64330792454917,1.58875619217493,1.45284986385685,3.54227109689657,0.277610676470474,1.25342571959153,1.70596966288121,2.87780952032065,1.73899492187389
-1.0268849912198,1.46942471780411,0.227108424068773,1.81937363587351,-0.463822506160341,-0.257136229200935,0.513932726590538,0.0129290051538487,1.20730627275875,0.500120552218516
4.28160501838895,1.36041014430903,4.01411461390133,2.76461090321595,1.8815953064996,0.408427520229031,2.60548749861455,0.539776218342941,2.97092806094029,2.56014580300772
2.08878976246768,0.955027022297122,1.07682474302444,1.66039003866362,1.8061624439763,1.99183628989759,2.89002538339459,2.07459947865935,2.65379014307706,3.28353131835104
-1.01333319500853,-0.30119000155066,-0.609303821524895,0.253125983501223,0.7283624750554,-0.889772591278241,-0.310170216933904,-0.179936423134047,0.493279483302455,-0.55660817629432
2.55749119821095,0.198451933194946,1.49159373306656,2.63383534057977,1.96477787451404,-0.559779486045284,1.70400985766088,1.32218608258196,2.73161176603423,3.08498031589936
1.52337574474703,1.74956688845341,2.65750670689398,4.12954614227588,3.44339182530941,3.0816784132241,3.36551673934604,3.24124525464061,4.21043092737039,2.3255881880218
-0.252150512179478,1.10730678842515,2.06178575526871,2.12644244197903,2.29876185566978,1.5683962585706,1.08216248222254,2.19841673187942,0.73917129285003,3.0954687493012
-0.522566870185583,1.57703779570066,1.36601307898869,1.0086573880704,1.16360860252286,1.05703694865578,0.202503592052213,-0.158898672860702,0.445520266614046,1.76695333670112
1.91396386790996,3.12381805797023,2.88216141223286,3.00172673336154,2.19482712351197,1.37737066586041,2.49366795427567,2.73938747298252,1.62496025090754,3.69490634707949
1.44298063491648,3.23203057694399,3.389990969856,2.5390430792216,2.29620620561705,2.60111324692802,1.47482874840026,1.94224389441707,3.44475162691302,3.21214621911512
3.62710390595573,5.65363076924144,4.1103227018364,3.01144976828681,2.93775758568011,3.33667770037744,3.76839904953421,3.14047100942599,3.14529867301918,1.95047472239444
0.935994715245638,0.263000759118435,0.518029841222553,0.69928123758034,0.598982888263041,0.949270975522074,1.28359803848459,2.72902623082777,-0.439567396316269,0.513078332051359
1.93481158502362,0.927618150678175,2.93322807705189,1.54834011762507,1.88510860227797,3.31754201772868,1.03935923107087,2.12083490168296,2.2068210826734,1.54249516473147
-0.614068983427176,0.324774545166834,-0.658813354542733,-0.820383118381585,0.814985756752074,1.19094022020419,0.412890900821601,-0.455967250862257,-1.39302731665213,-1.29343152094005
0.624494672323671,3.00578794117536,-0.210643609578088,0.690754142709323,0.473327899297146,2.5035288731008,-0.0293801116185159,1.25696240043563,2.63000760865964,0.915916541413048
-2.50555517506123,1.87194716499702,0.803316689086342,-0.511726478727858,-0.362831365786297,0.705564077380229,-0.666325793108136,0.489477630738188,-0.692260647193476,-1.16769279362335
1.44619004642603,2.27150874913012,1.72269423061392,0.732586109573071,1.89475536612719,1.29403985064987,2.69807208318418,1.15837609763323,-0.845011338928384,0.974892769537924
1.31426018951233,2.51380609421425,2.23071084485542,1.86299548426887,1.06603070320175,3.29913654647477,0.927888624921599,0.954321109655018,1.9613855511163,2.37674990166671
1.0799562198105,1.33290098133854,0.961237526654396,1.72908741081246,0.0394267328635831,0.545710787929495,2.66480404650634,0.190696575956845,-0.58404395205868,0.00181032153711835
3.03957069181987,0.985580815415408,2.00908359794547,2.27131348972125,1.16539130465628,2.73734564070726,3.96534477036785,2.15989375611627,2.1148658283214,3.77060395908234
-0.125284938712118,0.364314474231646,1.84339834878053,0.446536985640519,0.858048740357526,-0.515987100914738,-0.547943942553301,0.627455200335091,-0.461715497288669,0.382519091353523
0.758117553394991,0.992386229179861,1.71083685052307,1.16158559236188,0.781405364252358,1.13778340123579,1.57779429625363,1.78986933928666,1.64888620970105,0.446536923428545
2.29581146194418,0.738251532144011,2.25639722716676,1.27763688476863,1.14843267886761,2.93853376648325,1.9658132140163,1.99978589102928,1.06203534368825,0.57488104128116
1.02623721461432,2.02490484426471,3.3897372655503,2.93149609994405,3.29657484519186,1.74017592466386,3.61458314838557,3.21646625600347,2.04377903041914,2.48297468901404
3.03162681636353,2.28554145425311,1.04727975486147,3.20093253532074,3.11425159064564,3.01799046677949,4.44273844338447,3.16028030833217,2.78367309528197,1.95270555335512
2.85726417014343,3.2840439081623,3.82003424945077,3.3161323505404,2.55020014294169,3.1056516115738,2.99059408181568,0.99374065419169,3.00148434752478,2.70299903384387
3.63594689888153,3.58677835694046,1.48647464425212,4.09033013429346,3.64254972995342,1.26112962489557,4.30839819083553,2.44649575129662,2.56542581213801,2.70972013416501
0.334851879450587,-0.908332086880688,2.52874919073293,1.97330110677345,1.9652256270184,0.679534669170582,1.1631802287277,-0.148929811176255,-0.885138957717994,0.305005751616379
1.87038177678954,1.50501656388135,0.378462758243824,-0.10920091789738,0.442043701322547,1.02651000822807,0.92733037919969,2.18348229643215,1.3497765399298,0.232532274718176
3.71587820522465,0.594024276553627,-0.140535818614301,-0.77351700223308,0.281918522342435,0.246642892388553,-0.0248122847737822,1.32166163529749,-0.551189197243009,0.538741566403162
1.43217770772874,1.23319892739003,1.53270243552438,2.62537788976859,1.76175604933751,1.88879899231879,2.19861100686118,2.59048748886495,2.83361759283909,2.79610097582116
2.66740851877459,1.84369324532876,2.26092950773267,2.2432637388596,0.921789447434449,1.84411919177356,1.08673169271634,1.97600832569184,2.50262023351009,1.59847551880613
3.01835159394743,3.40290842511762,3.06182947027119,0.507131840907623,2.17435303078594,0.821212356394596,1.50091533376808,0.62951729800764,0.0479166132752369,4.19203943745028
1.40430475111993,1.80451654551463,1.57975763638611,2.5054023567471,3.08563120196255,1.41444798796265,1.45513452959475,4.07241940140767,1.89419461543591,0.041317378661808
2.00781723905431,2.36048550356185,1.74972626431596,2.19104482739883,1.75218005977769,0.833531027659291,0.794351011441704,1.98703483317765,4.49005968832752,2.5371850200772
0.603878411321239,0.638909756764135,0.891246907376195,1.51173261155586,0.151086181129255,1.3061633517737,0.669035019687993,0.873734480262442,1.97123058523238,2.42337337283724
1.39493499360304,2.14276074887779,0.389884037798027,2.15981492968106,1.02712824086662,0.946702876193794,-0.381207194267323,0.610978240569937,0.543631400593128,0.962604377018569
-0.222740408528313,0.683087853326768,-0.0657412548296134,-0.234842298033834,0.192511602951014,1.33705809962859,0.310860325624704,-1.03960177475453,-0.671108121166501,0.591404999226309
1.10181682337045,1.56769957383063,3.57048978104068,2.30864894834826,1.49224753450268,2.60037064932676,2.80133289861766,4.93779234146589,1.93419787557514,1.32774255668391
0.952233884449975,1.92439730910522,0.960571821366905,1.49065948246866,0.243546518504989,2.04659755768477,1.90960430752255,2.17781033430624,2.7576055231594,3.81031423827859
3.21395893087792,3.01587596528218,3.351703815045,4.21610549445687,2.41048468327067,2.42548812018656,1.1037432906678,1.93317775729778,1.91675504050102,2.97107790164211
-0.565552573074315,2.11246074666086,0.129642008069888,1.76040042916147,-0.407997036526378,1.59848669045552,0.317015679859309,2.03755687978195,1.52211679302316,1.18655056830249
1.05594504071392,2.56586298605699,1.05199130140252,1.97148279931505,0.874936545557743,1.5113208719227,1.21580286665971,0.340130469490462,-1.09708118213099,0.55985096137505
1.76750399389932,1.26071796958911,0.597230467771796,0.441641150697142,4.38116689854083,3.18626600599432,1.16539045587821,1.28475864751473,1.95976946925525,-0.258806588074991
2.62775897541526,-0.786825638664122,1.84413303245177,0.375546707721157,2.37090516615556,0.256537735487379,-0.177015033967863,2.60060608376894,-0.902619762304384,1.41936370859653
1.25058099046037,0.458012132761019,0.785325388104971,1.78379612492001,2.76570852824491,0.45070744491072,0.54283563616513,0.774709382406094,1.8967963433882,0.78821384610915
0.527162523857901,0.605450923184657,-0.487178840030366,0.85249462672172,0.968518005489465,2.15946260660051,2.5349849094774,0.310476969852973,1.47085519357551,-1.06899119686024
2.07877009842421,2.03071605486527,2.82518605189728,0.931575091051269,0.380316982386716,1.34081454073137,1.0952013764871,2.13659016158813,1.977511380328,3.38329785374189
1.74798049017092,4.08467018937963,2.16073237464721,2.7865710864014,2.82440935763374,1.50233253502686,2.59419248130728,2.61675256695191,1.69898680229769,0.493080213646842
2.23263832682652,1.13569958890471,2.00871669420967,-0.56644675109409,2.3510635549544,2.89037501301552,0.426400985084165,3.46807465042901,1.38703628887431,0.731286643207259
2.04488858351778,1.46020328067026,1.2019076340792,1.16608725927157,2.97682536593228,2.75620608368007,3.9549706489913,2.54862622764244,2.42019340352525,0.195189526648544
0.0302342362037898,3.07232822586257,0.0582612591936458,1.58150080337422,1.60370773643227,-0.227103019335136,2.32850841470522,0.504934738167808,0.1739379979503,-1.28541424326556
-1.39682165962165,-1.28951512647814,-0.0396137113189,-0.591079652178357,0.712780298206559,-0.375040470717798,-0.421532876195662,-0.300141763818076,-0.807676142579744,0.318995113996044
1.48385763540844,1.37987454365109,1.95524068991236,1.93476139555761,0.660487497217892,-0.284010548624057,1.61965390381179,1.15165024745321,2.42103946909524,2.40542303380609
0.766292545380375,0.85349551069304,1.06520576126675,2.71779310662766,-0.438525260283771,0.0543395308377232,1.57797667647982,0.0162608415042008,0.0979705195582148,-0.385737999687351
-1.31502729735095,1.23180839173366,1.6313576108645,0.909373438501201,0.822442167091203,0.814940082224567,1.03027323822351,0.333953209611085,0.962527659283009,0.988244126193041
2.40416333397982,0.757633611275942,0.336596760492846,0.931671325437133,1.85046442055553,0.823395567403393,-0.0267986582586139,1.36603545069503,2.08318217324144,3.02052892492766
4.38918378441065,2.21438304205775,3.02687890992956,1.45479326411172,3.46195524776932,1.45520328113304,2.68621361430689,2.83006509325152,2.83558373696256,4.24374598223065
1.64278583544607,1.19737979331081,1.77707585498913,2.44065558656883,2.41069925516893,1.74669867557672,0.889475075323201,1.63324191641497,2.14806673014023,2.03468872703269
1.05103928318121,2.18317631368232,3.14417868453409,0.138080813992582,3.05804336491407,4.03352781947006,2.04982063812058,1.02066501064211,1.92828729507218,2.04495491902754
2.36149330878552,3.14234640533727,-0.719766765626054,3.26755030499166,2.93019222202476,1.28918521959637,1.53368965310815,2.02771139028617,0.229716052981133,1.89051852077496
2.57237093706453,1.38002308042943,1.9187939579663,1.89742306459355,0.360727803135233,2.90187840816353,1.42606432034566,0.521694441188503,2.18115029225119,2.26205352828313
-0.506222067917112,2.30114970451011,0.792637221755755,2.93888948941869,0.474692980155727,-0.0300871225906578,0.151789294940965,0.917691250571629,0.745350582017167,0.597866067429804
1.29481098822274,2.54573896565449,0.761453396338229,1.01578708235897,-0.388806130619537,1.21607382255687,1.95591077962957,1.64822212020098,1.34435568979511,0.768146495573759
1.26860141543684,1.53462802745044,0.689020834876261,2.2435162707999,3.05162491965299,3.02167030329086,2.38957443955813,1.88017936376673,1.5588531841495,0.849532320334169
-0.220539976369164,-0.287538112231836,-1.08949451768756,-2.36901874910942,-0.741690222192445,-1.97118316502331,-0.627150666486221,0.750836507675385,-0.956049654407838,-0.360342226819825
1.67507310112752,2.38016760599562,3.68046265058712,0.950370459256042,1.77035258568423,2.33445712772634,3.33265233271762,2.23604281456072,2.18933892833229,1.39085441657635
2.58006074676859,2.24770992250905,2.53972214322248,3.30340463593056,3.47828132198657,2.17498621734108,2.37444443754071,3.08273782878282,2.46895331705353,1.23127855639861
2.38019467979007,-0.394140536024985,1.34145380564555,0.96226847255233,-0.602954968710312,0.306463128719572,1.7735067866012,0.680273080377137,0.956204779290507,0.700823088161805
0.752941593158808,2.73624781869353,0.806019907865955,0.885434021107721,0.555899679614812,0.621766780444358,-0.875402562997197,1.54842514374164,0.180137252341564,-0.159651003109206
2.36903004964764,2.54111903313894,3.15631748805025,2.36667616133421,1.1536028028814,3.99052173523702,3.10454226288694,2.94631029679026,2.20767588246398,1.90468463423852
0.878122181580317,-0.213363978954691,-0.0387000713888733,0.220167771151417,-0.828330670106774,-0.622939883006217,0.175093066075332,-0.0316817551397221,1.67825875936316,-1.16565902243288
-0.532866913473198,0.0389888554391859,0.275438464884813,-3.05443892983264,-0.443173520583589,-1.04910682824025,-1.30206079454227,0.199129944059315,-0.268295872849258,-1.00241524634173
1.65893864930108,3.80617033137877,4.26556601841323,0.494508427196648,0.0574797109764738,1.50991943509509,0.582792545170106,1.30182306532512,0.592630860239075,0.644984629954105
-1.24306950722772,-0.44924657514618,0.975043855755536,0.820217058029972,-1.13338481092727,-0.246073651939521,-1.17016097104961,-0.817152067355824,0.521280931011693,-0.362929587529243
0.869057081131386,2.48566211847068,1.27906782661697,2.34515131450922,2.01834116110153,2.93810111208101,2.44274420280558,2.73421353248116,1.41728427836351,3.43062263794807
1.80916679497408,1.78398523560079,2.8046623554745,2.24906652929673,2.4396432920606,2.72224733737727,1.54454670654393,2.4602508412157,-0.455139365906204,2.14460067274219
2.64274945846529,4.39235642340705,2.34918200565777,1.81153648486755,2.92443025420491,4.57991858980338,2.88052645574676,4.33438786855856,1.58988316515964,2.57752062696969
2.40681489103008,2.21685519677326,2.62858297286802,2.35719793160776,2.28562951426122,1.76461878234268,1.81537972813758,0.753156919674652,1.46417029059305,2.1193877137221
3.76591951642724,2.31441396435318,2.73017075134201,3.2395317548609,2.48313237258836,2.26808114799489,2.05640403774291,4.50873183936363,3.74344445464158,0.64497532386004
1.93910817227739,1.76724876888501,0.227187291356378,0.474269559647734,-2.43256913804135,1.53769216704861,-0.616514733613639,1.11055850163983,-2.26626411363218,-0.011566825066106
2.51825220616812,2.41969178287098,-1.04182679985171,2.0611500208841,0.637281296740785,0.356760036359226,1.07410535885166,3.83823482042788,2.79485382327604,1.31671619305261
0.658333860202581,0.824326007219079,0.777892406547719,0.073040429967697,3.23503291087038,0.531770748811878,-0.0504023888988481,0.714589755477943,0.696772789331687,-0.368529584234068
1.82007144779109,1.37084865242702,1.11219892918086,2.73592518577357,2.70515168106984,1.59285555040648,0.314573408160144,0.916555558404401,1.83330455926628,2.43058613358582
0.33722179039537,1.39719751910699,1.43032967328758,2.01050498485963,0.76885194533219,1.58385924490625,-0.555278134709814,3.29522255184314,2.33041373766601,1.00331853619341
0.544315458013893,0.53083392133525,2.882308836101,2.16736784803775,0.407381325872483,1.70757527843099,0.810271493225277,1.68990156630225,2.50777244704257,1.09519182399075
-1.13739420677412,-0.515594400968782,0.801129049314748,-2.12624322968107,1.73708507650834,-0.354135837959027,-0.661141637860115,0.615088135515904,-1.23557768891128,-1.73339056818065
3.6202251561387,2.68063529005848,1.90522097306885,0.255502655165897,1.65773726244851,3.09986253185371,2.41138627756502,2.40604594906995,2.04305443198266,2.94438892284509
2.73435786170634,3.53611790831246,0.772462494002455,2.58658228697138,2.2813706109282,2.11459486049121,1.8178566522125,2.71914793164287,2.25184669811044,1.24170054912791
0.8471155158029,3.55128644074141,1.08487075275333,3.24370575670915,2.72451200339495,2.42317995049348,0.724595325282192,0.724975894078729,2.08915669258219,0.458394611862239
2.09177139865036,0.270331032358094,0.868861588228391,1.58990546904669,2.13504460197846,1.88315183879486,1.44719540336461,1.67165862308893,0.799306676853049,1.22280920788651
1.43997047390807,1.20324354996369,4.44335906850009,0.448330975824953,2.95139041667846,4.63304364135468,1.03362784396011,1.62587344349188,1.64607609838467,0.422479413087749
2.05189026797262,1.89638530358121,2.19733908428844,1.69643423445609,2.06465884984137,2.71151722487859,5.61428865352613,3.98357921384005,0.167897668342923,0.672439070184139
0.494053295777929,1.80628109076859,0.778058489622486,0.931328980887547,1.00013088424882,2.5007772083778,0.296398273740972,1.35094649918079,1.81921412208122,0.379566639456477
3.16491412940351,3.41137781632455,4.07446234545378,1.69858558525883,3.13461764527112,3.80034039560919,3.10856159768093,4.11125413454278,3.3072472468097,2.8138429938343
-1.47515096929041,2.56058350164143,2.4416086069948,0.0407420783100776,2.67700112108868,-0.988834637165532,2.12735738100626,0.473561839943211,2.19345569383925,1.11983757389961
3.84700339087143,2.26735648722446,1.99503617936867,0.798757294417964,3.12709677213009,3.97666216923588,3.13401563450984,3.8315217850738,3.61868893486203,1.15771186046371
1.27201075999231,1.29288143056651,2.67953797619326,1.4061105341729,1.73163332278828,-0.246806097970566,2.09037635444113,1.61334006780507,-0.888390948341423,1.68953547786077
2.51496018424645,0.71204754666109,2.13150369094571,1.4033134797984,1.31210076725765,2.95804540646388,2.57188411364958,2.45828677163191,1.87541500506674,0.550393782231257
2.6970661063342,2.638303743169,1.38584967949646,2.41787652135311,3.24924431052667,2.29062131104467,1.77641206260361,1.79557728609663,3.06613931166192,1.1654392329504
0.390758062524901,0.750569539370701,1.04483336965123,1.20249844144109,2.55054885431832,-0.212010476511992,1.33049256677128,0.552014756907256,2.64225266481223,0.575921327306302
3.26762852936281,3.11764583525319,1.85006112252928,1.49248824643037,2.48391118553423,1.67219705306822,2.73128480914189,2.86925531806888,3.77999377254505,2.80959182523459
1.90978918524105,2.69690620527411,1.99427948028354,0.814766383577922,3.71378764544976,5.40937358200226,0.84121605100723,1.1366700320833,3.47280625099959,2.38048727151394
1.05466027940996,2.39213418098063,3.03005209421011,4.05138963724018,1.31116139407641,2.79800873935196,2.78298555894248,1.55516333567725,0.812345112024776,2.3667670076988
3.75450734075973,3.97456359431745,3.638719909078,1.48390229188108,1.08798317277934,1.29721344076143,1.8240508081651,2.75539275387892,3.39296000656955,2.00391001698922
2.29077721478478,1.38288875895286,2.14671585597498,-0.69830921046905,1.06691215402748,0.61538430638769,0.681165456062702,1.26503779447683,0.191082177874231,2.11935220586443
2.90153100670113,2.6997271752937,2.19433026596482,0.320154148577225,1.3297890522657,2.41006957507197,0.171119681038776,2.28100455534432,1.92887763156102,0.722283825650118
0.222257096919012,0.291695541984292,1.96404849633677,1.53734483652354,0.617677787754775,-0.0768194835715745,1.19995519928819,0.883649616372492,1.86201761224108,0.138871894328566
1.27245301603698,1.29056951055292,-0.201593622763817,-0.45838935485417,0.725873734103581,0.044598408726587,0.524176433374366,1.01093016842065,-1.01968954471016,1.0342091322406
0.877524794485819,-0.264793374254871,0.166187823177739,1.57847277798955,0.933021423309279,1.98229764088244,1.48023653409029,2.4164959926306,-0.928714889150768,-0.969973579961705
-0.572962656950709,-0.970541763951989,2.29475895470581,-0.133714601437259,0.418790928347063,1.13573240529594,0.227591706066793,0.23809452021958,-0.491041122314165,-0.836270903317632
3.61407046378859,1.94624254312647,-0.157383020721891,2.38729797813966,0.628090647619118,2.83144812803487,1.92433564642324,2.65039645374656,1.29825036236413,1.24246136453657
2.99153553498701,2.62089027040125,0.871723061518957,2.69323130017457,2.44578994739382,1.17974568288016,2.36585578648675,1.90603842147723,2.52261194265468,1.98069992704748
4.52003988486764,3.38190775052705,2.69643378635266,3.31107197601324,2.35752767824509,0.275401291861422,1.51891607665059,1.11376626920432,3.02166940715345,3.01627491696757
2.85449399768859,3.2861698957807,2.48138397568813,2.57509846889408,1.69644299183302,2.00174223512536,2.57103502752798,2.63867334722389,2.19555460501064,3.85094197505769
1.26569784837694,2.32370625896606,2.46861202846831,1.13950000743884,3.22108400039047,2.4415717252517,2.52520862904233,0.0314524612417364,1.88637827137274,1.59319872559132
2.51392438261782,1.0322042482061,1.11518268648718,0.81961178583871,2.31953642214839,1.41317731779524,2.84207882512312,0.982954834752441,0.92477331637103,1.21224700543387
-0.0761154664835491,-0.144144282996761,0.805262752227982,1.59940662681414,1.75945043289472,1.49597871755495,0.934146337570071,1.66410344431127,1.66942159964074,0.678478178090179
3.36303296732722,4.50110596639949,2.49700805981623,4.33374048572125,4.97861407098172,2.69277791054289,1.94690831451106,2.8176343301023,4.23041434861387,3.44076791626091
1.68796648696825,1.33930780858196,1.00411906313393,-0.0598056897274617,1.64254019376957,0.402214498283118,1.30483657306817,-0.319563670527371,0.642739539208697,0.932524391265536
1.88439934480363,-0.116972085660665,0.0257678411721051,-0.143524114985769,-1.21728463261142,0.0127121160178215,0.490521361114344,1.21849904011748,0.995163810807665,2.31476999978462
2.52287216453909,1.87948935943967,2.28287166532149,1.86361180112036,3.12995445514195,1.1558224434855,-0.750367565576246,3.13425650929977,1.98841683802113,3.71966194957059
2.58375009634359,4.06221278204868,4.45185161211264,2.87448826918674,3.31114738436293,1.19516959716671,2.08816833035683,-0.0446072989943023,3.447986012092,1.46882618500253
0.143484693098645,-0.159624646788986,1.54541626607908,-0.218165657739462,0.600783775961275,0.543307862019362,0.718928452277765,-0.00699748460752936,1.97439532222723,2.23910097136161
0.171581793030134,-1.15907128779338,-0.19517297211287,-0.486859515980765,-0.413273565331205,0.581152016231934,-0.678556265840586,-1.67638424991284,-0.217876233490517,-1.12982886377992
-1.20715146457999,1.37029259426269,-1.39403679651671,1.1870806179814,1.65218314130507,1.66181819440494,0.0926355767402885,1.11018995778228,2.53400806336769,0.188047325206374
0.690313386102792,1.01427148112443,1.88512516027216,-0.218187258751299,0.315197443454177,1.20458508484568,1.92883729190193,0.144987317197023,0.677547986447724,0.838313327684339
1.39712538678573,1.02546487163644,2.05737373744666,0.0448020794207339,2.66197114268981,0.882240682128821,2.98448587872464,0.868000778310507,0.769848237978917,0.680283610739597
0.0273942430582507,0.827317962977261,2.02735980611464,0.417187913564618,0.749655843316841,1.78016533094821,1.52387835001291,1.06206791723373,1.81284340584231,0.682913426782188
2.46519228075089,2.02597911557984,1.223429134394,1.42931007972688,1.24158175464504,0.248947312955646,0.204196117831796,1.47173114072203,0.0829402862338752,0.558785679532897
1.77759619343134,3.30007952327022,0.79836385804421,0.80954876461335,3.2847052371866,1.61663689730227,0.604026575135651,-1.65007588053299,0.383436746986344,1.8902059155703
1.23527702300624,1.02374113177382,1.22953530476437,0.422527819582148,1.04005150971808,2.04961992870097,1.34919024188592,2.07692959842608,1.8158538725387,2.56341070677247
0.977227052392104,0.000602980825345822,1.87690015355013,0.268615285898216,1.42533964317247,1.01732432123852,1.21212813261036,1.28014271062685,0.480983322785031,1.45568042572387
3.37840670569121,2.26448337869501,3.47878571384198,2.83197065895482,1.32203118342024,1.63554244389637,2.59637610110347,0.775719589091989,3.09608858296693,3.38395049414841
0.944160798675749,-0.854246804095086,2.64397104116188,-0.143836512456274,-0.902417559588707,1.0066027294429,0.457983134881501,1.08285025766759,1.78858706217924,0.427569640782732
2.44274348054125,2.32154571007346,3.73818057350817,2.65824075423436,1.88844594081435,3.04810208280109,2.47524395776346,2.00026854616069,2.22142387513348,3.51699355976158
-0.135973836091217,1.76101915603635,-0.426510641083209,0.545627378175188,0.863705566368185,-0.294393385490136,0.542839833420628,-0.66068542437927,2.74667013608078,1.26405041244231
3.22304094762757,0.919189884881192,4.18295004754445,2.28052458676662,1.79419714163164,3.61184074624753,1.98475958217758,1.45212511239356,2.41143841725351,2.52424347327247
0.240283786724072,2.9229251876168,1.28861828655844,2.64942045773197,0.494555694937119,2.59343844780315,3.99334445890924,2.81958653610642,2.64639168341714,2.91855248131147
1.44954193554649,0.205310556923921,3.03694925760595,4.19902615388157,0.69962364459288,2.28522840271255,2.10275302700526,1.71046125804025,-0.118298850318398,1.7882281945483
-0.332641035455991,1.05945110230505,0.994092556639274,1.44064309607513,1.4914493008403,1.84245765902861,0.460838911983046,1.77712839891396,2.56725661746144,2.3533173225212
0.786098528978979,-0.302202727670831,1.51325177356291,2.69843687714572,1.79707986844254,0.882094015898622,0.800355819205219,-0.606684316643276,1.93966161784817,1.49171165275903
0.15467537021347,-0.335838533481739,-0.109424791803584,3.08034803417065,-0.442140795064061,2.00347879500246,0.71285209630884,-0.102155181364748,2.67404874221695,1.5828750219779
-0.27653042667246,2.93308786237644,0.916680223195017,0.374263495405027,1.58592993159159,1.34580683076811,1.59417770228564,1.05268058500774,1.96161486553406,0.361046202957001
-0.0439962988701978,2.10969624265376,0.0484167435261743,1.9719343488314,0.87857214369308,-0.0221529640987683,0.447890515423542,0.427367244914093,1.01288618112794,-0.695173778420419
1.13518375675997,2.6121237792036,2.57850809369401,4.10627834816504,1.40494580484783,2.60766385089647,3.02823290525434,2.33410634062186,2.52885107582262,1.13090503208062
3.07713181349156,3.64455988646227,2.43088216982878,3.35557526700063,2.51154559577898,3.61302131450479,3.41050046201477,2.9592098476944,6.31974472319068,3.33529066606733
3.37501089427227,1.38742762812021,2.84092911612319,2.22775701240466,2.85481310108725,0.385739050913332,2.47352056416084,1.35270990543571,1.10908597241889,0.52606838081147
3.25632508367748,0.538429077805034,0.736071684775103,1.73318352301537,1.94365453688764,1.23904380525435,-0.368172431147396,2.737253090107,-1.30437459470858,1.23465857046201
-0.0934183921262385,0.929455167179445,-0.82200807904869,-0.446867260875848,0.909573439470285,-1.04714104484602,-1.00774357159608,-1.0755122952548,-1.87573857355366,-0.632229131824126
0.303037152729055,1.55056239106776,1.79995321943583,0.547161239336027,1.5213570322627,0.86397534974486,0.724880907225371,0.851310646190441,0.367710162467184,0.78083097643977
1.607139127435,2.65553238483729,0.514579112955837,1.97735143482602,1.33192632514932,1.09613929452577,-0.543612022511597,2.85151364977925,2.02055198408237,1.69611693102954
1.56340764698386,3.14331202268598,2.84480132085156,4.19091367158526,2.88426500530257,2.27980805437186,1.44155594678787,2.64252869879203,2.09871076268342,2.49285725500796
1.44100111070833,1.77553053529501,1.58726552871359,3.22414545931145,0.479486028687062,0.88627786302067,2.8753363836388,2.07920646842302,0.954097966997375,2.07327735456484
-0.264433063490318,-1.08545502209709,-0.177131568384186,0.0974746134391549,0.383807529355627,-0.731185458101517,0.125484172612015,-0.678109504764131,-0.231116792806283,0.777701121623911
2.23965630509428,-0.0998270641208121,1.08895111189796,0.619744668120865,2.29921211052202,2.65494210379107,3.11423001171695,1.26402622660494,1.04451150892475,4.20438222238981
-1.98674142405166,-0.622247229200576,0.339606609473616,-2.32953589665635,-0.853953335222164,1.51957762491788,-0.38320043938491,0.212748138103358,-0.123582720417382,0.0373993177295609
2.63621900379212,3.03318555922198,2.90861437624465,1.59502138629403,0.883749293005843,0.713301402234024,1.46539139248545,1.63829074873725,4.28152594690508,0.7223154442874
1.55213253676323,2.73855203742358,2.41585144217632,3.1904838301465,2.59703502326865,2.78281955027646,2.88680142836172,3.34425132024127,2.76713627565167,1.31507978980444
2.1527529056018,3.58833421327607,3.36231512009955,2.58184148205437,2.33979998550194,4.2644912281976,1.99742863870981,2.55119361096802,3.00222447004657,3.18605981687313
1.02282585266399,0.557022008989731,0.285120668101181,2.16221993307414,2.2850608836707,1.92847635883265,0.49491711420647,1.82455667557397,2.25830783397464,2.02785330363185
1.6282366942796,1.51814838185061,2.39499391289189,-0.582768992244786,3.12207173438842,0.238318209452432,1.7888628581052,0.460205626120936,2.5757179382823,1.26527789456562
2.39295349249486,2.01549605780126,3.00844593933882,1.97923627775011,0.17395304788791,1.32307551576833,1.63276723812159,2.21938284440291,0.788891171639634,0.0613179298080113
0.923466223009127,0.422277792129013,1.39704094423587,1.47523177915293,0.342564248802138,0.970447144788743,1.60126612733709,0.890002923278065,1.98850661116615,0.653143444235903
2.61358564861154,0.408058713591904,2.87096217561154,1.24792485701243,1.59247155405195,2.62238633323111,1.5491792431109,-0.60823385878074,1.72512067869517,1.42779045696468
3.44564546043303,2.65716423886069,3.36202379530987,2.79604199069593,1.730420796997,2.76925325665727,4.50208209325254,1.98911901135437,2.72546250301737,2.22709695398266
2.36443725333408,-1.00461822074162,0.395870792222647,2.39890061413916,2.29676257120158,0.722967141219368,1.30972040178009,1.0892327227796,-0.122599411911029,1.96411263573043
1.42389807862565,0.239940901980178,-0.460932789436589,1.75336602932973,2.20934108123495,0.0406567263680765,1.89704639057463,2.38688373356497,0.325315496627132,-0.232850142309981
3.42788028191219,4.06224282656929,4.05502465387471,3.63593422104128,1.82421652752401,3.05979712688352,1.35125392372714,2.55365207985788,1.98504709965318,3.15572425472264
1.64706415501984,-0.70591540805114,2.87421997147231,-0.0622315695233762,2.63980061767579,0.906778841777542,-0.0928670975359536,0.996845473976454,0.661803806349823,0.546221140687395
2.86038995337253,-0.376944765501597,1.4996322538337,1.86668934599166,2.84872259687597,-0.0863187415558959,0.835329902033605,0.758688278808055,1.10830588622018,1.31105484938912
-0.938628236099076,-1.03735851144001,-0.394221414896803,1.79424064332884,0.797887297366349,-1.29978215716958,0.462509030102543,-2.08347542655634,0.2365626733228,1.10516047681118
1.22894035041819,2.80428999401106,2.92525714927858,2.43961444353407,1.90196860498197,0.850212716799898,0.693003924497549,1.02465139138966,1.41758125121147,2.55070961820807
0.186197662923475,0.470328891574202,1.19801818965355,0.618460832519388,1.32993121682702,1.68150270963998,0.947343328717898,-0.669653702072595,2.33851731150043,2.05037056562604
3.93358696769514,2.08040386152642,3.1575208738437,-0.740478379423785,2.70777834887521,3.23593554708288,2.18034090873735,2.02297615369212,3.35038715152286,2.09551974289794
1.56672030002856,1.13729813674805,0.643919443579361,-0.0772937729929909,-0.458907847861354,-0.842203795061759,1.38485418938887,-1.05211235072173,1.5343393082232,0.150625312876033
1.25173863172681,0.920394232832988,0.155190236342077,3.1456869256915,1.41419433657494,-0.339745085654234,0.411786051863924,0.612445540365876,-0.260789517717448,2.32706511708069
3.29068741146514,2.97131592346776,2.36160870996255,3.04996889430235,0.149242382850606,2.47728934508886,1.24811615363538,1.54242949864734,1.0752538505785,1.82051952660161
0.0196702427932753,1.33228910590516,1.95032489721009,1.04239819296031,0.39859285578229,0.855187218184912,1.6210490805285,2.45069646602027,2.32541979572317,1.89967972246877
0.189223360083452,1.14745558328761,2.15657843685679,2.39507455373941,1.45321283458116,0.0299954504935322,0.598357857586786,0.567204575566482,1.06110166586629,0.993887066703043
-1.46932271279033,1.2466953586935,0.958557226726667,0.850049657028145,-0.61490774430756,2.47490128706743,1.10747235581838,1.8300890190164,0.321872489392132,-0.467858593598242
2.05320869075236,2.30644111044996,1.68412789684916,0.794071066882141,1.81213155362587,1.80648806967156,2.21336210245591,2.26805445583592,-0.556593563445991,2.53187328575755
1.42026030779722,1.82563515920333,-0.493112675709009,0.280203391887596,0.381501478199312,1.94115553022362,1.41029936666395,0.986830071101608,2.11922225644354,0.542517638760928
0.0676695389050708,2.47013425537456,1.99507713261572,1.35751764394779,1.84736136371654,0.894887276577741,1.92774700547545,2.585335645459,1.92332158019674,1.74154562067295
-0.805131574763223,1.05638694974083,0.385106376284364,1.33041262813672,1.23429774130546,-0.0637144658259282,-0.845589597574188,-0.293777208927036,0.061255539913615,0.707557402776607
2.26669813442988,0.894172751026546,0.845297237639392,0.699805512487582,1.36505447448905,0.811814561224969,1.11267877384333,0.792340132753778,1.55063967530673,0.822531346212969
0.848562392879115,0.994213448159392,1.34422223862511,3.29846091821713,2.70503306098139,0.205627334116989,2.36783977500155,2.63870360267316,1.87664379647196,1.19265327381978
1.43625404166505,0.400394234297475,-0.00655825558875267,1.27665136228191,0.259576226921323,0.823440848351772,1.42013259698594,2.28586932339926,0.771072544195181,1.58440165856856
1.16547607655828,1.49861992040113,0.181343976304707,0.516242200689146,0.821493030616078,1.77477712573234,0.599277811027796,-0.109336000910769,0.592453923473732,-0.496353093516948
2.7617852773527,1.50528591000812,-0.101730567184994,0.691239554732949,0.244947657853389,1.45595838203806,2.74130326877441,2.05706591327857,1.54080133535229,2.70603409953103
1.03709204842082,2.51277060258341,0.648180261025056,0.904702899268283,0.993187526364991,1.70893724898818,4.35366888712107,1.37008314975881,4.11304154184133,0.877379109578029
0.0880636129163178,0.0711384257031724,-0.0200190958602182,0.291814278482421,-0.84967819630836,1.09208633882624,-2.04114489299463,-1.17256471582188,-0.760594051442745,0.10163705416188
1.50675616651405,1.89542651666198,1.46308022904697,1.9449840038169,1.52714510817571,1.1832258342978,1.41130355108028,0.559210761831141,2.04765294987438,3.28681245844251
0.175978741033918,-1.49207858451301,-0.044320745734895,0.660238573706792,-0.00182652674712626,-0.672132067660516,0.0442639111775213,0.90794088857133,0.593840070155409,-0.672804068044491
0.221551571689119,-0.740633888936458,1.27162131719901,0.973769348667626,2.16034811671371,0.702295981549411,0.838781032941074,1.56706725104684,1.0210068031818,0.944566275894804
2.19254400907419,1.19556272230218,1.91002696987707,3.41480861508518,1.30703022352607,1.21461759893801,1.82918680725437,2.35074529029192,2.38336511958634,2.09911492669503
2.26238716081636,0.214018574397943,2.83257873000873,3.06847649667418,4.28708442200711,0.729004794775983,2.30994033967804,1.71291427737764,1.87662014682664,2.50783264836952
1.65468591117288,0.847763882105979,-1.24302972585403,1.28266785454984,1.90385800114573,0.234060288379436,-0.398944944583537,3.4760915650966,0.771327914709772,0.0221691481552415
1.2019809829294,2.29614431727881,2.34365547969376,1.42801196550313,-0.586256482408912,0.382482491322866,0.804607527592149,2.56732280718842,3.15879774867963,1.9754374098374
2.91328317535901,3.02918409823653,2.822895323544,2.21293164316494,1.89203630091362,4.26934616712895,0.816161022670157,3.7764922174288,4.03978693015592,2.31634460785642
0.977976505984649,1.64124202262462,0.893950411742057,-0.800325412293422,2.87118625268995,-1.08400463462252,0.865152130555547,0.106677126485041,-0.145052773068165,1.53059405562276
1.02495256714153,0.693474911416451,1.74811077068272,1.44080445159332,0.670107440638392,1.20995121732056,0.831313705097041,1.06555179035279,-1.25810523005282,0.77535602206358
0.390405957246827,0.995297503092485,1.47692863387772,-0.571703615821601,0.198914881956612,-0.232492047339458,0.925124383544213,-2.53543308407899,-0.569991957962918,1.33051061640876
0.834747948776579,0.0833228694380503,-0.5514734244748,1.32406459396631,1.0637179000247,0.217336370478878,1.24228509169801,0.147737082013943,0.457879012145449,1.33790524504024
-0.028258157225161,2.16135047967651,1.54780169997746,0.787999825682874,2.16956377135073,2.45522582371545,3.13048106280532,2.95957420488699,4.3235636510644,1.67188560330297
2.54502839790099,1.55758581506538,2.70590929928594,1.93934193799996,3.18668865891265,2.84520311314281,1.25475102896248,2.40405249739071,2.37640629092731,3.16608646039843
0.804791592081685,0.0926704429259029,0.779865329611642,1.10642799813155,-0.623664275372104,-0.524985072863882,-0.375983232019396,0.247338334834319,1.55428695321444,-0.323750543239198
2.39745158288805,2.47817312112616,3.44874457371677,3.92453212271921,2.00334128299398,2.00581854665428,2.34602287580011,3.17811732722123,2.29660082761522,3.70462811870364
1.28327030226734,-0.0202344825026486,0.76469515426144,0.444654844474261,0.32539936587193,0.284367282521169,0.827010103083954,2.26898566627532,3.20560304428524,1.01708218036275
1.78264340588492,3.35308104113808,3.11042753794529,2.95816825470816,2.30604152143156,4.84705532547134,3.7250474949041,2.81251233563473,2.65900528528216,2.43955019098849
2.7474983574194,3.32391315608052,3.20865135760588,3.24952629066292,3.67929504320782,3.23373870157441,4.0368080850981,2.77795722775393,3.30310773191657,2.33320868527096
1.65788395980961,1.07287377884977,0.641464896992034,0.628711107411422,2.53123331863037,2.86298531059566,2.08074547029379,1.7273227128107,1.77319442633559,-0.490628201208773
0.681174739693011,0.517187849153875,-1.34147252063708,-1.01365361632384,-0.172726869789552,0.181613396350837,-2.34804231132075,0.208399333117918,-0.210321689595951,0.508459730276871
0.74071502111999,1.10329715234114,0.942980834642918,0.961969657701502,3.25509485228839,0.726103298742233,1.67768672981407,-0.361554690786414,-0.357310953268699,1.49391298849639
1.88828163553426,1.51754897065368,2.57056757151825,1.90912774984047,0.805977125925543,2.32187473488466,1.21423187063961,0.661118734619642,2.26036923706542,2.6695009328697
0.758412728413144,1.19640906391449,1.55416705033509,0.731972755730773,0.677647103530037,1.29083553158764,1.01229341552959,1.47780060880502,0.492272394891494,2.29985283617322
2.76811345451737,1.89292251602486,1.21624212960705,1.10437581703198,1.63469168901194,1.61274423157161,3.02444207393664,0.962216021152131,1.82353161690678,2.48269889434141
0.593832392453928,-0.806857405336502,-1.78729065877259,-0.0547182237663147,-0.0021816334469157,1.35199936525358,0.727898867185906,-1.70535268021011,0.0393427669234309,-0.505264537740394
0.355063465548806,0.474509187345835,-0.0278040380599145,1.05975299131167,0.917464089733204,-0.281105733994884,2.15073375281371,0.262689414273236,-0.444529793504786,2.19851684197126
0.527669144455318,-0.306480210728346,-0.515896370337433,0.76041585322786,0.535880259861635,1.60129165332256,1.61858370904199,1.24538182130588,0.296542147102311,-0.749248567709168
2.99411961222986,2.27531104507217,2.99853083811961,1.634246273277,0.905443356987994,3.66193583540594,3.93374355046158,3.13173927248999,2.51935346954065,1.22107894757555
-0.537367586029598,-0.355300516014622,0.972188444307849,0.517059573072803,-0.461249765918005,0.399212651383979,-0.284379854108101,-0.26877888546517,0.34043022993256,-1.81404941649339
2.13199787028658,1.30883125722984,2.76815452743188,2.26333470028483,2.19708264647516,2.76262034532998,4.10948415639042,2.25350132297386,1.88667952795276,3.56426960836981
0.315763166418412,0.779964077254074,-1.25739472794188,2.24989563994981,3.58649860832067,0.797545312417605,2.54200754293326,0.855152270000437,3.3187851903736,2.61907259500823
1.59833486999739,1.48482683928521,0.759863840834501,1.21790648065941,0.588352052109411,2.19038999890989,0.824301777750796,2.56053374022839,2.1149752344273,0.154733114939505
2.93565405544589,2.14183840603561,1.9071304589831,4.29306893968665,1.31659433355085,5.42905700395312,4.41812561540289,3.21469461899818,4.07742141804621,3.04849913377472
1.25966581191635,1.72312746782419,0.844321949607346,2.39079764483629,0.8451629661441,1.13633277730134,1.03997745284253,0.415228806568327,1.19468568758576,1.87020350923981
0.595603913584386,2.20582574932962,2.92788173360968,3.15392539703313,2.39890141657032,2.17793230826851,2.30049947672085,1.81392263532527,1.79665734717403,1.61292541789822
3.09352892196583,2.28705960594595,2.85917676048203,2.67275756360382,1.72175062934773,0.737747158695119,1.75463001737714,2.48110078794542,1.48056860661129,2.37778192695556
2.82360266666706,3.16783820215132,1.5486197571431,0.33363843826459,2.7468163901198,1.01609445742236,1.9845984945436,3.29324585258368,0.950111032826736,4.71335726576615
4.17001681256551,4.48417855868459,0.933245119086299,0.242036713890583,1.04448704333665,2.14630856603251,4.06660157232419,0.765741731937715,2.80640838660756,2.16614779049836
1.43488155663397,-1.13050873315677,-1.38313752912957,1.0378182390437,-1.38432067718656,0.289133345769986,-1.15195214005144,-0.12685951836891,-1.40263235719485,1.55972497020201
3.4349231624485,1.6026356544454,0.836454340982489,2.0940879136188,2.64348189674261,3.31936888128858,0.396055555006537,2.25049633919932,3.17829573817569,3.31020272719047
0.772671728616044,2.85581169527164,2.01306828223209,1.40519523975445,2.78639430966084,3.61326664304635,3.16202072016071,3.48753918345618,1.54809807959124,2.09079051645175
1.71394071786795,1.71194925688371,-0.0867497825347527,-0.194954223287075,1.37054582649489,1.41999398580592,1.46530825664999,1.80351482011529,1.49803398966621,-0.188884734628179
2.566633173859,2.59873950860849,2.02318166251716,1.19442990454733,0.993543272458959,2.51361364450136,3.08438144012712,3.25349512662308,2.0739967858104,1.9335819772197
0.342841522960884,1.26248911906961,1.88900957090978,2.27136025027779,3.13168649102711,2.24702164800582,0.761510324551127,0.861622678142943,1.4239504417151,2.11919275093149
2.00794871954871,0.697105876968365,2.38404827487406,1.64909625293027,1.74633100738223,2.11301195210857,1.24100069476075,1.53687975425772,0.988178997541799,1.51853515698679
1.22624508132636,1.00835290805593,0.507162839333505,2.75261204373924,2.89552012146916,2.51011363944069,3.08968751466461,3.84659669098377,2.34426422243512,1.54788474547097
1.65187393480364,0.179074533199146,0.393521202844454,1.8592057174374,0.560667830829161,0.779149011485354,0.706147669974564,-0.319283872568425,-1.08812506666709,0.610613789286672
2.10223691440057,2.10412292051437,0.56885131035512,1.1729515666711,0.841822710659216,2.0325770545988,0.841385752771296,1.36861026571398,-0.462609265579991,2.320175983321
2.31064023523914,1.93312550143247,3.40062709610645,0.888867033358794,3.47270081240088,0.0851950031199018,2.56735179115266,1.9287851535174,2.56284959405906,1.36601434580094
0.667183858923182,-1.49362377280933,-1.17878595611043,-1.81877981870122,0.150731432664332,-0.87057984653873,2.0560572094653,-2.08888896233687,1.62380184998503,1.58971534627056
2.23949105610314,1.29746984593397,3.02074786262086,2.97391108249568,2.58525417463769,2.60361046969116,2.63662031210414,4.52926785340686,3.57523967730183,3.83971820172781
2.78499738801437,2.57408242351497,1.39626609305814,0.589737665361071,2.78860768788706,0.326039993537846,3.21625043230459,3.47888035898169,2.4548832181167,2.2263385768272
2.61851665975603,3.31980195252831,3.35030221278698,1.6879406392006,2.66830266849929,1.92833976467511,3.97122561716218,2.85420213546582,2.20986431201033,2.23586495040104
1.29697887922207,0.671846322612504,1.81550098986435,1.00297175338345,2.45220650375814,0.320118026693245,0.106047965558676,1.48969627404284,0.5011170235365,2.23767432966226
2.1381052391663,0.543961398796559,0.598307891043345,1.39420451682764,1.20152775291862,1.27726624506953,2.91719594412775,-0.139357435387918,-0.15722624800946,1.87488016189129
2.77631487031038,1.37530255766316,2.19894404486516,1.54450037555484,2.37131010448761,2.28089086873689,2.40949686485611,0.661987338358545,1.82094924679587,0.821502588589618
0.204280299727835,1.29622770008879,0.845445414805058,-0.340695003604602,0.39913688125891,-0.721138580425267,-1.43248189793822,-1.0947915552236,-0.560128864001193,-0.486507026927637
0.17326735721982,2.01245315757634,2.60529714022961,3.01931258347094,2.70113038059861,2.12878329221035,2.39721908915249,2.49803964878111,3.42751688121981,0.523700223524369
3.80790890644169,0.87623663271021,2.54885779919179,1.79959455525343,2.44514824202609,3.11745385786802,2.17457995141743,1.74122059680755,0.799046578585745,2.79515179273025
3.11125273468481,3.30576229449867,3.20022790860091,3.72008316211732,4.30401660361654,6.17537650318276,2.35066194985125,2.2746032199035,2.17644738497107,3.35992733652563
3.09642788894563,1.20988886428818,2.75092410063918,1.7244704010617,1.6268857523135,1.90891652036883,0.303623315444936,2.22773497329695,2.5452876228974,1.73149397264007
0.490319564179985,1.54430398388111,-0.137802837942162,0.677286457462166,1.93816231876551,-0.76108359259097,2.73184252798206,0.599599455014364,0.167215482738139,0.799557410531022
3.93761828364218,3.67490762812894,3.38593999912648,1.75859594090909,1.94272385083077,4.10994701689859,1.12360807094982,2.51762368186264,2.40127690030667,3.57110170374205
-0.477235120825492,0.771100128188466,2.09503953763086,0.298610086093392,1.23590740906784,1.83896918870208,0.862655681017768,0.0222554651232728,-0.489601076606976,0.44760990138413
2.8071460744697,1.17744327849613,1.80391608668342,3.01589922934282,1.64705378352314,2.17745061699675,2.25579864971491,1.844391649923,-1.25790860927054,2.08584810786639
0.948648848683192,1.48631263145204,2.65146440785284,0.934502355829077,0.591290676214069,-0.786909157346896,1.02327047848817,1.16647999377494,1.06299180381278,1.22186079028187
2.6051709134145,3.15970222117165,1.53482343822114,1.14869989517508,3.41529460852452,3.0553341561758,1.69753668662698,1.34156981653774,2.70563846239958,2.09467059882714
2.33444411045152,2.91568066065268,2.08019894290668,2.77812763281002,2.56815320932418,2.7556000799738,2.89597879414461,2.53807769894426,2.77353225165863,1.41709086715269
4.55568059157118,2.68856130316929,0.893298818457577,2.95078442752935,2.72910082380865,3.54538406195178,2.70205803497319,1.2238137960884,1.69925741236166,1.74617349761779
0.836535503179072,-1.26506498855278,1.1826894814287,-1.38475291316957,-0.992341553429635,-0.664902180774605,-0.068585079118118,-0.849752861251435,1.69857066928943,1.92915403965509
0.141293297388763,1.4135061470362,-0.629342728715744,0.250295306868066,2.03773426034878,-1.43192381167462,1.97241071807966,2.33567813975004,-1.27825149958355,1.88932757415922
0.963945722693713,1.81277497671098,2.55240742801079,1.61181485758333,0.276100470462406,1.60983697258702,1.28139958020873,2.6439729824711,3.13835568440275,3.9028933908976
0.188278936838705,1.08702342373397,0.250877124899123,0.93643140027324,1.66092285483454,0.612240693729107,1.64487806130698,1.19155786688638,1.74020083192793,0.986707535348254
2.31900812273464,0.352358641260765,0.00687283571466601,-0.189253679851247,1.30619898152593,2.24716280007765,1.76541904001979,0.141059016341298,2.52897662397815,0.413538810935928
1.52134265221232,0.421555412607403,1.21901326858947,0.527960472192215,1.88953216401443,2.16671266097294,-0.918395294250339,1.54253207086543,3.25662014618443,1.46289594582777
-0.778605536216283,-2.00774229126337,1.09458505756975,-0.761279007290024,-0.660908743367799,-0.792740877941175,1.3247918339647,0.324005142979615,1.0065878140283,0.436456103139958
2.19326651328876,0.346671535600551,2.07449280799257,0.656926744397762,0.631020687631624,1.19675195589294,-0.796438191945761,1.11151932688851,0.165004008269941,1.85599370068247
0.624116717458389,0.635081610511564,1.1492296090524,2.93946748836661,0.968825655651286,2.70746505046028,0.702551791152928,0.665765666407896,0.530056171627415,1.75632455854862
2.19876903811432,1.33936663179813,0.464923206254432,2.25892492502059,3.38687190160315,2.54503312398613,0.682691476516135,1.90782935447249,1.65313813692521,3.8895680387823
1.59637364052035,3.47933948452327,1.78826377061013,0.667154920433006,1.55987598547855,1.84630703347466,2.76950706245571,0.938929095460295,3.58889746323224,1.80932073948358
-0.356614617732268,0.182951507446229,-0.557452739402714,0.833067634506001,2.29107223406328,1.26564417177654,1.39505571831722,-0.21466981648334,-1.1357132235173,1.34697689891317
1.24119127638129,2.69414290963622,0.735361777704363,0.397757115585443,0.0601838267616317,0.569443904114356,2.63179220027883,1.89339271226471,0.0191909679150777,2.70624976388328
1.82514873648488,2.75110065366369,1.92919149198566,1.24480190859097,2.55177723371405,2.24430548517838,0.189783677871238,2.11260328085608,2.53587657223826,0.967410975228368
3.84797666804325,3.16202317678374,1.88732107966807,0.79645853083004,1.39395102097161,2.29061799296797,2.04431638312819,3.01588881739782,1.99248426699184,2.94837448712245
-0.0336792095240157,1.53923090257144,1.29333513518978,0.9431428342325,2.57889409877027,2.4773949174924,1.30998873478281,-0.21314158194513,1.71704166304237,-0.174194614666677
2.77981837786475,3.95207525610794,2.04026476402765,4.38789238717146,4.94445911323656,4.67671003523065,2.28682611526422,4.44256410787079,3.9998222062068,4.09872186084377
-0.121981969021035,0.873008164874821,2.02427167198604,0.139249421948113,1.39568689297407,-1.10401362884033,-0.256098745477365,0.812070286929545,0.303534259904378,-1.12506309823132
2.14276524742169,1.17058574738731,2.20574751893109,1.58124108362392,1.55712224705491,2.83872576544501,1.10484807715844,1.94332699677752,1.28328718225227,0.988459496730625
1.46405001981583,1.97132579509536,2.74470748674527,1.43100284699835,0.557990071925838,1.77465221443362,2.01017866104162,2.94188053019538,2.4211897277391,1.10414978726887
2.91379624824282,1.5040773062726,0.578286225410084,1.42954016302633,2.59396466353691,1.80928228164794,2.95317130900171,2.15487887285405,1.52321003471656,3.46352785032249
1.44231408883773,1.17260289426651,0.774554570843237,2.20140257942073,-0.388368702625348,0.0535313319271588,1.45137541261537,-0.199982250576506,3.06732343356573,2.39142896729296
0.501947835657546,2.0327423677205,-0.320653719890109,3.21283938181993,1.38791120429822,2.68237604938064,1.36323464915507,1.69919592041057,3.24580443064087,2.89097124985899
1.81945249234889,2.49970700401684,2.48046739976888,4.18542832155431,4.35182181786225,2.7204156681249,4.56773464868599,2.32428734454326,2.60107939667762,3.65581867764647
1.79088578659608,0.0868544703594537,1.3532479568645,-0.298514201504093,0.249689421965344,0.0426434200575511,1.55669942457432,-0.688872034849072,0.832739295416409,2.2824499865719
0.182780121919418,-0.492911244673994,0.457012516230203,1.89655026383527,-1.11604068920147,-0.00541465998970016,1.2576750909318,0.0135706958918793,-0.971327174115476,-0.138202035690249
0.631096005948714,-0.681177731794466,0.38013357524559,-0.92153769113294,-0.785194980968839,-0.916919297794917,-0.177343338502971,0.564244668522404,0.096532420820724,0.108978075539932
2.9768106514254,2.59203235723235,3.4134268940927,2.08069767378494,1.1847871755585,1.72468747325583,1.49463516332243,1.73082432340611,0.903133622002545,1.73170373800081
0.220945608177651,2.35685102013371,1.99740406029271,1.27587290537344,2.2662167946502,0.788972366533944,1.16577794007136,-0.677881285716046,1.24006801013815,1.99935733696415
1.79392906036673,2.92126282522219,0.493429566755524,2.62441066047991,1.98168381342514,1.48046255114391,2.52281151147947,2.17355069358351,1.10145721885827,0.992588247914031
0.648639148700068,-0.640107679370268,1.9187512508076,1.56202501486346,0.822094481503972,2.11857433530242,0.299123169225579,2.92892540279373,0.403555504842159,1.90468464953168
3.03213922593576,2.42123010791524,1.23316604059482,2.22671538216926,3.3574202174333,3.94213667900281,2.33012790178878,2.00807866634754,1.96303622471121,2.99499357325676
0.932749834191346,-0.29058321034685,0.373988663865199,-0.112525368006255,-1.11254276700475,0.129290337017874,1.1458769818889,-0.284985398000105,-1.77543881401781,0.620762165861716
1.9311735742306,1.03435345845465,1.15778823081007,1.88452220836468,1.03286308393062,3.06598892896094,1.96197707208935,3.47418869311034,1.83933017281216,1.41019459120931
1.26805019901369,0.793372656584151,-1.06749147191613,2.64901579044883,2.50781030055939,1.36800099075567,1.10273334403915,0.575260235133814,2.08623370125838,0.932165574526999
1.17025681030694,3.09420907370839,3.21476440334726,0.987930418489261,3.37292405761192,3.50419475007257,4.09203511154567,2.41289120500852,1.174326811348,2.54331837201577
-0.886825525836054,-1.7737084940226,-0.507185666642596,1.76624241844522,0.799242698010919,-1.96916500191651,0.443670016538464,0.837685774279416,1.52349676040585,1.79582126779659
0.104993442890384,-1.64000469604346,-0.514558814178676,1.17781590506946,-0.338986950554417,1.68929355280176,-0.155815862335229,-0.0522121195964207,-0.138904070893882,0.322043049752828
0.636990394545923,1.5230350474833,-0.400744827955918,-0.442405458409203,-0.217881131448927,0.231422839691734,-0.395526720194037,-1.10807557906295,0.964716527736182,-0.41338890619555
2.57407264706623,3.7020477035418,2.88491390740549,1.85284812288298,4.52511859062115,3.75915771133942,2.32519495766005,2.83646694825112,1.15517186979186,3.27166914398793
1.84996954274231,2.82652943671917,3.2505483083611,1.98586559764744,2.60334109042913,0.27809609442533,2.44736070753885,3.70073852510538,-0.0599233089239859,2.61050075663817
-0.997458530819443,0.389667592753144,0.664093997102645,0.948987319982058,0.62997662612626,0.361761889586208,-0.562132581513115,-1.31753458939644,1.56762086308211,-0.0677914678007846
2.6023467906926,1.38366203792271,1.06898175324654,2.4805321215051,2.7888978567402,2.51091602436341,4.34568407863658,1.95004480113844,2.21370839285662,4.2806313867167
1.0816685652555,0.839355272083118,-0.232232329473832,0.0954785915986575,1.21096568701316,-0.0896436380288856,1.43867675050115,-0.427341967568616,-0.0319175669774647,1.75575662732107
-0.150231469820464,0.943125359369474,1.44539209010654,0.0897561763139749,1.10826692020939,1.13851154881015,1.27649713003444,-0.159916868784605,0.905740651668071,1.00695206251775
1.87663311929866,-0.217124136137366,4.37588742450431,1.83053568478517,2.70112774337954,3.03212918840398,2.41254167717401,0.480221796506247,0.667613456476625,1.53295228130115
1.68237712199495,0.739447482008658,3.07495579894899,3.30707545924818,2.49281996185859,1.82778868859752,1.39755225411253,3.57164004958625,2.19582003708586,2.60560287996944
3.12310035884018,0.842463975969675,1.20317362412028,1.43658374977723,1.00286289139422,1.4833619408715,0.549554965748412,1.80725779657478,2.17214265696082,1.38392769630243
2.33155002910476,0.299948287800784,0.121649603012608,2.4090794778738,1.46980693981963,0.937266829026622,-0.305840665275828,0.380359999850926,1.97889554137401,3.29049081210252
3.67610167016945,2.42995719031215,0.379917686208102,1.98110944901004,1.731714540196,1.29470292288797,1.43474910321324,0.90859109790052,4.50793317816659,5.11652204588613
1.57087073005687,0.585271450507966,0.831342185104195,3.00858651959799,1.60793391822319,2.97226205040143,4.08117365681051,3.0167325025168,2.17989653388611,2.49346577592067
1.13847691178801,3.0997519755592,1.90174547629145,0.896603953744277,2.02594593604354,2.03227575181008,3.08501420133251,1.55850837034977,1.87025373923621,2.27067774976489
1.66104935985727,1.9067560061856,2.62388915677245,2.7017473600022,2.62979334804364,2.04504925291537,2.19164939291854,2.82553581273751,2.37695352018538,2.11054444042483
1.99152900843112,0.636497695211843,1.66590306358635,-0.573307505017745,0.0616473217011384,2.22653908479975,2.32721338923108,2.6621268748102,0.369706249554755,-0.0920191265169887
5.17857383319387,2.71132903126773,4.01248929788333,2.43229557175035,1.41914469469723,2.0909198992806,2.97638206446766,3.63332577656421,2.85577389761705,2.89902597458925
-1.90955000713161,-0.498887924387203,-0.83743827375604,1.28204823190641,0.325513018911865,0.897237542134197,-0.982256532394294,-0.813657087554208,-0.139091806531366,1.58372868815987
2.06498910194906,1.7106578637526,2.61977506384566,0.950044907194366,0.915642180801744,4.23531511989305,2.67349427443426,2.51280848156046,2.23698922841526,3.29166241131571
1.09172237307405,0.243477127775099,-0.762144605220026,0.55332558049998,2.92929505951641,1.44097058345126,2.01427416112731,-0.33296041097908,1.59507695268248,1.52679033810498
2.06415620264052,1.65149273603826,0.771467439252268,2.50555520486749,1.87585966809704,3.07949563118431,1.99502759319722,0.339724862584564,-0.307159809307769,-0.0826587903870664
1.54298342416856,-0.112398714421477,2.21926367090145,1.87670088959798,1.50033828962318,1.13261870856802,0.795271141676256,0.267111642281217,1.2581337736155,-0.162046776469778
0.975835420281266,1.303762809685,1.44437434183659,2.27288539685108,3.44422784629636,1.03942762174316,3.33391347986486,1.97543005974823,2.60875558060198,2.30546130043071
2.2550184388775,2.12764748592304,3.48758025765898,1.43770283908979,0.650816174190875,2.57319032018604,3.34190119280206,3.99283808258096,2.11119733165432,3.20498561337939
1.7249017568358,2.02665311748998,1.84959272016657,1.61299352207495,2.42865350512429,2.04640259354132,1.85777551121475,1.80103006926217,3.83386314435484,3.25043815976047
1.71474752311308,0.693996283015202,0.811791145585127,1.24767369226066,1.50159805385626,1.76836332337503,2.93624211072475,1.67516959900869,1.65734026371511,2.35363528757748
-0.913065459861231,0.0619339391431419,0.921583652911463,0.535567289500114,0.448429835967801,0.194671994281082,-0.766171357884754,-0.836447126204386,0.263150359354572,-1.60167655165603
3.74742163336194,3.74454499135765,2.50020226843839,1.82338284229653,0.75700295742989,-0.0223191193868435,2.49249748970268,2.05549015962499,1.04507311484752,1.17967047740806
2.77657697982693,3.69206573279479,4.25436038287959,1.51915133320155,2.99707828627873,1.89557215399732,1.69389440268451,0.768179149069325,3.55967011590908,1.72882821292452
0.513827798931096,0.307832739271069,2.38256551052872,0.268032945446764,2.11657072169499,-1.60950948909329,-1.5409699334116,3.28257456997354,1.21898899158315,0.369470692988338
-0.213092039823349,0.813944788469188,0.838658163583419,0.57724394060287,-0.185512805698955,1.96879609438796,0.777064333360022,0.0300535005091384,2.13221134517501,0.692089123425533
4.23462474315282,2.53937521746037,0.956949320535785,2.71108362759723,3.64339488187431,2.46783441194516,3.15775342824695,2.24715846368387,2.87685467953298,1.48834011272557
-0.124056082242675,2.90739233808959,2.71396261940066,1.34165670594912,3.28500474894981,0.114268977826717,1.42275960184721,3.02839074265057,3.42725058236217,2.51077488345087
1.60856351860686,2.04502386155399,3.21015993448104,2.99459013713021,1.9692614540634,2.46652035350413,0.156254154224258,1.40856334733562,1.85166571371363,1.96930433487476
0.661440499887502,0.603402218683499,2.09332951134045,0.929236492594999,0.523206133190623,1.51931169742708,0.931861995960056,1.64732383033592,1.79564759716094,2.44566157587916
0.915885509297123,4.0132612787813,2.82371240715328,2.60107043457358,1.5994676129407,1.56179153392522,1.38126355683384,2.40332890443521,2.69451103041422,1.98906748925123
1.39735578237569,0.636922591231297,0.481972474073547,1.11933611121537,2.22591850412299,1.18488479038998,1.87028345223151,1.04374856178426,2.89739524273703,1.6082619800762
-0.130593715807776,0.374850858123011,-0.210230609478633,1.63815528776909,1.94591037349266,1.12377622889591,-0.283384877481813,0.697373776951746,1.67427896363889,1.53924880120011
0.565200294599789,-2.11851605381838,-0.304562601523881,-0.541973536145107,0.156297429255273,-0.0509282394644241,0.0857567344783496,0.133391128315622,-0.673666110786655,-0.0480516596814953
1.25289905957649,0.825878160150504,0.979918131594824,0.792534368317796,1.8307669869612,2.7129232103993,0.663087216449149,-2.10535227482459,0.880675402164965,1.97267116484344
3.30483880928692,-0.182449334829597,0.474847060843264,1.66853527810766,0.587169769982473,1.34920552817837,1.14880268450755,1.54138542371097,0.480447401967504,1.20706459930588
0.666759064928497,1.09552959401718,1.0362687093212,0.887304382961555,-0.109208919154768,1.94931348529412,-0.0625741769396906,2.14460074221587,1.55699994863723,-1.61334302440187
2.61230434724338,0.885720386048884,0.911419298496031,3.60348175420506,0.796424643283732,4.69870312343676,1.74059432202758,4.84162400676693,2.19295360207092,3.76283548206065
3.1479669641681,2.97277525808421,2.63014777961958,1.50395324051062,3.05226293190552,1.61729113578278,0.497895363614699,2.88739250058344,2.24220869542042,2.56236517186074
1.66501813885862,3.01126297853944,0.964450966318258,4.02008405374091,1.86836159733475,2.79862644460069,2.86716264269686,4.28134895269203,1.81845526778072,1.36227815393844
1.68451017261139,-1.26284861702955,0.272722067944497,-1.39684413874464,-1.43144972840465,1.4797791311524,0.608173628062163,1.01960535344799,-0.0623103339507287,1.16859976332691
1.21695821569947,1.15539459939299,1.63184511353048,0.209284374717552,1.87334313381118,1.63646952702453,2.61668276838582,1.36171730323982,3.97370170387832,1.27837908881368
4.58188602364648,1.27317398581575,1.75811119831269,1.91579040626925,5.2564359279587,1.51171536645313,3.50717694220094,2.61301144340829,2.45542050786213,2.12134244592454
-0.0129633423996416,1.6387087326389,1.86152282478177,1.46628114057898,3.58640877597181,5.20657761756242,1.65027808538962,1.70615491983787,2.04212300621416,1.59870125906347
2.16920762675282,0.795433953959994,-0.0798921629347595,0.156822190844996,-0.219931164959744,0.771928294013898,0.863474606292246,0.337688517967529,2.05643245919335,0.198661765015013
2.45813564694789,1.26334078480937,2.62106041415129,1.06550636333807,-0.0372137444483474,0.781326436735337,1.18482997820077,-0.00727961908752661,-0.0306064810036071,-0.0077569762048415
3.16397453420638,2.12133885680821,2.89430072326838,2.5490086181248,2.02298588775785,2.28451959971224,2.77067186462809,1.53392591122178,2.31674983640788,1.79886526135454
1.02205131747028,1.67966343291878,0.140634374991782,2.8494685457709,1.5509350107448,2.21089466675421,-0.262230550200487,2.23608170311886,-0.429199355577816,2.77070017985118
0.343570123475625,-0.108774800779219,1.4797702272276,0.968424001438896,1.47726038009828,0.0391321937686612,0.224027943798336,2.6747737294255,2.58212206465255,0.928170420842278
1.71911925622409,3.01728496431724,3.60716591870156,5.08864419466174,4.40374685458761,2.54062570392017,5.69874849644942,3.31291299240119,2.34778788742903,2.85043863004496
1.2516982822085,4.24001186169198,4.50045528760513,0.976622125134128,4.9191074703859,2.33775451985878,4.31668023604641,1.50392445322649,1.98569501161112,3.33902295782995
2.12455470645955,1.88256611660513,2.26101961505779,2.48821821721871,1.28268570565734,1.9273459395655,2.53484209704411,2.83358312556294,2.72971631698704,2.01111063001064
0.460753503091908,0.562688926490256,-0.531893872305337,-0.181557541560561,-0.32816852357667,0.467814771813323,0.593701192184097,-0.205474431470295,-0.736662874469208,1.17752701511194
0.29836995536633,0.736234866952796,-0.0797036448902582,-0.733243122999126,0.908197589467558,0.0581042567610505,1.4134663279303,1.67277838910482,1.60568141915801,-1.92834535073952
2.41305922173217,2.05014116087198,3.59158499671403,3.80720097577059,1.9095679483324,2.3853381804474,3.49618730500151,2.03172064539993,3.84569619701139,3.53875742816798
4.13210645336351,1.85983402016407,0.982628952426076,1.4629557426449,1.30525952115732,1.16273690883939,1.23592556675274,2.12112184328352,2.34447715249764,2.0354674778483
1.66016048516922,3.09475202273589,2.20295692158277,0.693450590853895,2.75105232525177,3.01552004965078,0.174562208820885,0.363162260168557,0.276930549575411,1.65273850547343
0.754205943312299,1.01721937889837,3.72029615031159,0.398885364057587,2.09072042357592,1.9603042649573,1.45590226056822,1.27132284201299,1.61872274541483,1.5733885596792
1.66799531100781,-0.260068678173504,2.2698343728935,3.20873010904435,2.6256591395849,0.985649619997583,1.6886164275298,2.69645594071182,2.62113765771784,0.533232471701042
0.868795275328076,1.32590437942729,0.843450958397252,2.02688811681171,1.19435090039753,2.5529926261922,-0.0260835728351922,2.63035384996508,0.288486029965513,1.18922045698615
-1.53520186067243,1.27852543385552,-0.904796126397872,0.849846624312796,-1.25701106864055,1.12813532770287,0.0843694551325654,-0.425166001257549,0.994197444403065,-0.386373998087304
1.33610448555033,0.135781164159999,-0.70920035281788,-0.555078802856417,1.47720408373249,0.520577901593879,1.27478341974955,1.27965336136042,0.959872427760871,-0.602572596380034
0.0171052590952078,3.29114250842495,0.392459043578172,1.3298410819063,0.585868808897328,1.52182242280406,2.47840330213734,1.82081254129841,0.294071133341623,0.615601437932421
0.393080424013183,-0.064745418118668,1.16356779588507,0.803006228916635,2.12155778373984,-0.615190627844159,1.45038871273494,1.06383955263617,0.547379206720595,0.695426796063911
0.729167650029207,3.34586459340988,3.11695845230999,0.767716187000564,2.95915279814295,2.45224671808496,2.51795719441399,1.42476309754495,1.82302046496569,0.910052204969439
-0.120950158479687,0.0174351400379258,0.289011752763873,1.73495523919374,0.713040047020854,1.08110972465631,-0.406764988497353,1.17821437939619,0.683125479272348,0.679058727385266
2.99815311837812,2.96214041775985,1.78327580502545,2.80072321933037,0.804105527227808,3.17239496351433,3.60778392279956,2.75102702797202,2.42883145898712,3.06521409860322
1.40246257794998,1.86235073338164,2.71489712902785,2.69062824184459,2.87106788996312,1.55478622592613,1.50738936543698,1.2779774882949,2.52275219813632,2.90817638892579
-0.0798094410687473,-0.173544354095104,0.0790131213636218,1.08094993328467,-0.491007264326886,-0.0771068993222275,0.743444095766557,0.24363299355894,0.0174364434927924,1.04343112811418
4.19600698517579,2.83297770892153,3.55701739101547,2.0738009337477,3.56462240946049,1.62616189512504,1.61847888004592,3.66214546395064,2.93009468632983,2.94932906220177
1.1503321203505,-0.588152204888607,0.148360279081762,1.99800878113793,-0.265434440881342,0.47758353184194,0.287362858056605,-0.173778533383065,1.18340670937914,0.0893589231820122
1.26861315041953,0.456951627343658,0.585302782222478,-0.504798834716,0.435476773911254,-1.18238513160177,0.412387699051517,0.287796435262156,0.555199769379262,-0.484364615136368
1.81135051507054,2.27627776188148,3.75755354492875,2.93024375742013,-0.273412920052023,2.81708161025194,1.98943817219722,2.12683189346739,1.54218051321365,1.78848125157151
1.72010641923566,-0.0927417399142336,0.863112982596111,2.94857238939875,1.79629421810619,1.96233639329503,2.49700471082909,-0.0620815947864739,0.504813404537491,3.47032403605825
2.44045891844268,2.00819588169405,0.496178382745135,1.50141744165007,3.68015557316759,2.13953421019594,0.742546634163657,2.89725727536274,1.99824378620046,1.259504388192
2.13104084129531,1.99108389988618,2.10512440324063,0.939999204950359,2.93950226260863,0.679454150341483,3.63432734587272,3.04424396652041,3.52298494565911,0.998329259029127
0.755640700617351,3.19284135607733,2.81504246765814,2.04743919151562,1.84141535489222,2.96120268093674,3.90150809641627,2.37769776717186,2.47959222036054,0.654793092345973
1.1363611734464,2.06210063610868,-0.170925751373267,1.67429465440842,1.45918975996455,0.886877041688002,1.87851220599979,1.38538864199872,0.776939954585381,0.0140144606490273
1.34927418570358,0.854108103759364,3.29712838865682,0.739059420487371,2.2206175634232,1.91652269861815,2.5968459703487,1.66083251321792,3.20097679422706,1.81991899075005
1.75999601289074,1.78147800285947,1.90061416917911,1.44646056301145,1.19171005041162,1.87035855845942,0.750128800231217,2.97662572636584,1.19108320207977,0.611455127261257
4.23950965762652,3.38315434390741,0.253309918057923,0.915865860700242,1.56369086537857,3.35233215089271,0.371622735890579,1.58122365982741,0.249692703368207,1.94846183887689
3.30720730330786,3.43203042625459,1.20665703134716,2.54714193619865,2.31541731103485,3.37763618194672,0.226991282503111,1.74007307780399,1.61075465310507,1.64892411252381
1.05627021131916,0.289928585307184,0.17229993093168,-0.482686757100757,-1.39167682000338,-0.766427846431922,-0.336963972291931,1.35134777178955,-0.37565160525041,2.14848565760137
0.297360301486308,1.27305980999912,1.84966984442987,0.69691883007972,0.712890857470277,1.71482331887906,2.36280186813239,0.752377140049025,1.16244720739322,0.728680614052388
-0.875154102902496,1.02234150439048,-0.0324349379554302,-0.19761386090784,-0.137002906806112,-0.855808830431857,0.274457262712496,-1.57241017804433,1.6853696504583,-0.102721723407564
1.98801961805731,1.271721972273,1.91698708617259,2.64460242887758,2.83436109811209,1.78912105360056,1.92164590139309,1.20590238421801,2.66286312496169,2.88103016670412
0.381705483196243,1.39729332588721,0.338315703826055,0.790949553118741,-2.45011040180593,0.802289922923266,-1.20805650563669,-2.52597032570327,1.25184652768227,1.84533153403129
2.50691992586576,1.85295506624379,2.11913184137549,3.12517981639291,2.61342304396356,1.51732061053702,2.27005969769907,1.49578953064177,2.12804518332187,1.99780636919038
2.6779586922681,2.20877836577158,1.7602642700846,2.35949619347689,3.4998403032314,-0.654618234637883,1.47056582429877,1.68522821280501,0.752470535345161,3.50692927669445
2.08332003129965,2.12066785700108,0.544211574540256,-0.369813825351036,1.89481332407837,3.38369530093444,1.93047393819666,1.83604331509503,1.82018000377797,0.258184651443738
2.27651141301698,1.89808340789391,3.74415389283325,2.46655590412628,0.951833872216076,2.54408305672125,2.18856596120656,3.02740925660723,2.38127082518283,1.71748424354839
0.8992739080689,0.282913937659925,1.13031094217992,-0.63100779741601,1.1057521092605,0.502566433773024,2.40575360194045,0.0856323667182656,-0.282434212461177,0.193662978947775
-0.14320171894572,-0.394944333111951,1.55860198280469,1.42416991597151,0.119972727712522,1.86537690948201,2.23260152140438,0.835755920047369,0.541986425612856,0.208590513837469
2.00585150895507,3.5761330601251,2.11300968416931,2.76136178058349,2.73573637162257,3.72126042084752,1.99872907705397,3.11134518466143,2.96041091812068,2.3284796442865
0.44158101560078,0.329359266783083,0.556383990623382,3.3315766710023,0.407611422955661,1.19325318261666,1.0159539194292,1.50023158334325,0.184391865701204,1.34166244686039
-0.779852331671426,0.891264610331292,2.06789551976186,1.41778273009484,0.575263285787052,0.5944967492032,2.463007326848,2.19683107726017,1.79545443524277,0.870089502118053
1.30839122559269,1.18818387152126,0.569712568593362,-0.0524168619257765,0.994763309784148,1.34145302329931,-0.272364559143586,0.972838280503668,-0.923807937982824,1.0785974342236
2.08145847985756,-0.314380811825503,0.6499677580343,1.65030446877924,0.458993325341013,0.599893866889353,1.56399627304783,-0.217985008864539,1.43277474096844,1.38081298131877
1.05282115157563,1.3080139565238,1.97902380478328,3.46344907125834,1.36972397010864,1.75610983290425,1.84645769061143,2.15934139942055,-0.0188607046480644,1.21341180405864
-0.344565578837997,3.27581820178528,0.685109665991051,0.921541614174012,0.474137493611874,1.64277400351723,0.98714096426966,-0.101146779745599,0.912147125995191,1.0849004793356
1.26765944891362,1.34025367645388,1.30476839969275,0.936641376067287,2.23710768137143,0.811234782192109,1.60693422669565,1.101733104168,2.15642412217375,-0.0610530243132761
2.56953493734007,1.91987108352046,1.61209886910387,2.5765320166287,2.91728978741228,-0.145010946412623,1.56343223384648,2.30086950977304,2.47233552132273,2.44316995048011
1.24947274874774,1.86209247072324,1.83241112004629,2.28537244153441,1.98526788189076,1.5555929427276,0.313597938860805,-0.532987895059044,1.24070137227417,-0.849296554002064
1.42784109597802,2.12846722463724,1.40762698608854,0.0433550474078808,-1.04202313260638,1.47436946956128,0.621092194632241,0.8338222406385,3.209558829292,1.61106767750628
3.53108483951253,3.4601029135801,4.46021405079063,2.86139357162576,2.6300985931271,3.78964745853656,3.89187940832648,3.41688177270048,3.07517655489116,2.64129320384273
2.05495501874538,1.78609644910132,-0.193101845895747,1.87287240724391,1.84950960716886,2.51780066485237,1.67149330605791,1.56809138167202,3.0813575561367,1.7186270905297
2.43679998225582,1.4567618532161,0.759192118474968,-0.344173327361359,3.14298777205329,1.24353408332108,1.32840706955019,1.66431515969461,0.0663875732694332,-0.136327816592607
2.83665456418001,0.947156428121178,3.1129716819124,0.679786613643089,1.56202975140013,0.953922969798595,1.80887546968711,1.23352765918724,-0.574187880171347,1.76981776288146
3.45990453221608,2.34411185838023,2.54061438520842,0.921081806631394,0.869679507827852,1.9522855114204,-0.122310014571219,1.05945821284631,1.00316384117033,2.11925550490532
2.43859103067525,2.13705887152412,1.37948354533777,1.79366765113877,3.29806305003373,5.60549143016487,3.9092960274189,3.97516388098262,3.62898549350451,2.66584960920066
2.67957197452024,0.852753855198746,1.03076903449049,2.81278247398023,1.48866273045404,2.43171766213607,1.83914846778184,3.04951888875972,2.20964815943099,1.81154547794968
-0.829810257361175,-0.833560582588055,0.605304275789485,0.389314460748499,-0.387216105838746,1.2551988986745,-1.37265193406713,1.33828401652055,-0.576436391161537,-0.777618919895432
2.60523806578467,1.63299010803287,2.20407382453022,3.50142759059931,1.25324790068914,2.47236983634766,0.995946881052354,1.82156574304174,2.40001981897769,0.727184680240314
1.519741961175,0.672351293453342,0.956481045675145,0.623135555571842,-0.484733840065975,0.949107711375876,-0.0161602647282944,0.459841012005538,1.16194829620845,-0.0341020037185998
2.40593918027797,3.93451606348236,1.03147005057564,1.46912037250399,1.63840096406526,0.629057417330545,2.20788937072691,2.97849769168074,2.0120788140127,4.65291150111639
1.26603238286051,1.83487283314236,3.64048474383806,4.01573839790846,2.32018014751176,0.814642890347616,1.07711597884777,2.74939430617876,1.90817508478623,2.88647815775527
2.53249900458012,2.99155159409915,2.52838067153951,2.61198330221524,2.22985089769732,1.95381621605608,3.44980608518081,3.66862868667395,2.09507965134547,1.74996256363417
0.989804321140604,0.597658960204489,-0.478884003434193,2.63830509263314,0.724602845665366,1.86706676471642,1.1964130637024,0.881625622107301,0.171767718244621,1.24152050063502
2.46381846555329,2.23764597031858,2.25901147798767,2.0294878030154,1.56444930200622,2.92327289922114,1.64560449551881,3.10588777208236,2.30949722795734,1.76784342925694
1.57572488727375,1.43257558083339,0.0669909943527291,0.766671879209679,0.319476948041881,0.287513249787096,2.11218423950811,1.03634760728743,-0.786511099489001,0.950530354285357
2.09592990306048,1.21701234157013,3.14539506617288,1.40723778915879,0.903083009233756,3.47498908252437,1.81023203116105,2.11013071103498,1.32220309050038,1.31571693460057
4.48283730283966,1.4016293969896,1.83161242918006,2.91367762828011,3.15631383993801,4.62455860429076,1.87107748917808,3.04470233525362,3.17657340658805,2.52215588225838
1.93896333431329,3.11613811691321,0.448622964857714,1.90405919071434,2.25653323699755,0.816175498061261,0.280290407261928,1.51493442136295,1.27673901107,0.847495790398796
1.27238138884078,1.75638798159061,2.06543874837874,0.724334206197406,-0.643290537235626,-0.958416237726665,2.35268125421555,3.31444179378908,2.64571226748027,2.19345322222771
1.03436441200414,-0.28939498141221,0.589905776762256,-1.41332989510057,-0.762019687945796,0.143029162950238,1.46521368513393,-0.667739601290028,-0.544520178149807,0.305496762083213
-0.620240929322957,0.308139146391269,-1.99151489058546,-1.31827384026858,-1.34329971007365,-1.51078557549663,-0.756852627953314,-0.231859863180923,-2.70949614138701,0.673376979358368
2.35536922363751,4.35454886195575,2.54620932003386,0.334184774936426,4.72895036248987,0.48471931150546,0.987201111524224,1.76502686784595,2.89342849022787,2.62731556019209
3.38916540876174,4.91796808971107,4.20399947727851,3.11489660650085,2.42531400057625,2.26988883260423,1.32738491368111,4.13450417695404,3.55484932070095,5.35008288030815
3.36335918035939,2.22156085619317,-0.760361161201989,0.630846104807157,2.12000912123164,-0.538708159517396,0.743993354412782,1.2528942602105,2.32593987282177,1.07398284021096
2.1341067963757,3.49954940004672,1.48298902190427,1.07910342992151,1.99675399583224,0.456948822104589,1.20715507501939,2.29574028069551,1.42620060375907,1.24284666017642
0.92064111294925,1.92969718835531,0.541201534531779,1.24923976450801,1.47756865749177,0.410005197324496,1.04849674687662,0.50056250019297,1.3567536009871,0.2632607607922
1.63452039002871,0.872791746925044,1.48720765341338,2.97702407422345,3.75990472083993,2.97788744365503,2.44603203257356,0.220683168173277,0.692679687662589,1.26344705904711
0.5132994224535,1.33703699427356,0.533852092023364,-0.384041949862471,1.25215290852167,2.50161664666367,2.5684487897088,0.579587061417561,2.54521105609178,-0.54615875131279
1.26770448743558,2.28220417708325,2.67694922640947,0.549899454683995,1.4838911729254,1.75282812491151,2.47058221030053,3.20793883333662,2.10796836336526,0.662312288858115
1.72698012941825,2.70852851162236,3.12094266976051,1.23391585333007,1.91526005388709,0.560142231292651,4.1423855154352,2.79324314234775,1.62698183437414,1.04146698654532
-0.465793962556729,2.108525926506,1.26552972182598,0.479837867098702,1.3258646235333,2.69853728229817,0.935635273278933,1.81073917372758,1.34385333679678,1.01600729145539
-0.267402217111153,0.270670869214042,1.74148780846078,0.085524603021832,1.43195242975494,1.11690726548419,2.33224978170091,0.274983471542477,0.144718741700737,-0.0808785169170381
0.300441732868929,-0.0670205530992507,0.681373566810578,0.296657044450199,0.669709685540836,-1.52749129283506,2.01348005821963,-0.953200046236813,-1.06045924092058,0.737199904450141
0.800798732049649,0.403118266553294,0.881979168558591,1.11720766878061,1.56524414012955,1.36710788637121,0.80261484604832,2.20019793084348,0.188813759933496,1.5254219034438
3.06138566929729,0.594379189839018,2.55953762691297,3.2078254851721,0.761463800625107,3.05058906603643,2.37491204483881,1.5030100513239,1.8683927613459,2.30827774507043
1.80020124402386,4.18421596015931,1.92384083275298,2.10889192971043,0.956022083902788,0.917583257495233,2.59318011899851,0.916082485757926,2.34217298476434,2.57749243434477
1.07114963605681,1.12185300104033,1.31608167396698,1.6706375347855,2.45716992287983,3.83936013729112,2.56181149597945,0.862267164139515,2.04775761711315,3.41938664035873
0.0684214698613234,0.654413819120372,0.322604510078932,1.35763962258873,1.69328515555072,0.236787632257048,0.0645830229880994,1.61908087519234,0.681690812408609,2.42933619213908
2.59785922294406,3.94623364355643,2.37631607576214,3.43950356730191,1.72553307286748,4.06504612377758,3.37757590796949,2.51319540941306,5.11017747587182,0.970425838027374
1.63040174073117,0.626009055084153,2.18739768661821,2.68853405132737,3.67746396756555,2.70234825355629,2.42388567244434,1.73913228530762,2.97622809978718,3.01716631976175
3.63363595437653,3.21666342043132,3.56558593673108,4.58199477178584,2.46901482678928,3.29886593508817,2.47690836783273,1.72818569770639,4.23526258114516,2.0365696360837
1.81850585243677,0.813232804490414,0.375331017513276,1.36644410202762,1.26801548009201,0.243237538233789,2.33136255436539,2.01839173774947,0.0477696230305297,1.66690176313573
1.7835242636383,1.31848688934118,1.64840085237997,1.44478641914257,3.22490163110518,1.5610358036508,2.13938397626315,1.64180399709341,2.21401227649251,0.616303158548188
0.0676442655342631,1.63048990284562,1.07482841173899,1.6806391645791,1.16754370615733,-0.0935945714345472,1.97216062899073,2.0493329418116,1.89869204938051,1.82876351853898
1.81105528112704,-0.473585264902027,0.594967972796814,1.3831169979417,1.7511232514645,1.15062852634989,1.71649323468836,1.39038605321814,0.217253585979571,1.06757041634975
0.734904124791433,0.643460181510095,2.40307765228958,3.16625033402888,2.85215452226541,1.61918297661807,2.64178146878982,0.592443204264729,2.23217622188068,3.34744699440095
2.06150421712045,1.50800933640925,1.62894864510414,-1.72444694953348,1.42423220808663,2.1266172417503,1.62024253574201,0.907728842257534,0.281403755852657,-0.582048060153061
0.606065897801319,1.63336037015319,1.65028853713649,0.419179890614203,0.703674582454295,2.58371311624249,1.85107004297058,1.81014701752538,1.44164928259322,0.624584606874301
1.99025251894043,1.75797953786134,0.193599538423847,1.36306979878002,0.213004987082537,1.59323126084204,1.13953787235164,1.47468288047285,1.95182374880075,3.61534058905404
3.15825004580788,4.85827244203531,3.92823670328745,3.93381699510933,1.99597110483017,3.03610281763154,4.14020486252864,3.83991388873168,1.96575126919806,2.29848064654913
-2.06149484164884,0.0337089415271914,-1.05093835773676,-0.242992557213959,0.191470959854067,-1.59124951651344,1.33032036502188,0.252639427172048,0.63039639752148,0.667947601217353
0.86624094513358,-1.06056219637062,2.16894985938299,-1.21343430287174,0.0772616406106024,-0.490720170321687,0.0913902614235629,-0.31569777396204,-1.19601027725658,0.723116844516329
1.72757020290845,3.42850015421067,0.330896286952314,0.925943771350344,3.51041615137281,1.25833585997421,1.7475098462754,1.11075109370873,1.78897108884742,0.0282470715899761
2.68777342438901,3.13439969148112,2.89974076871776,3.08750539047561,3.42414695073885,1.52910046526951,3.53427555787289,2.69412790311275,3.30890244082301,2.77206154207034
1.51163328883584,1.89253643073793,2.08129490433963,2.72335902301147,1.58620519643193,1.53341045720421,1.46912355846651,1.82624684354981,3.75442772825785,3.91150013283921
2.85343795241878,2.29348467098383,2.40875818270779,0.403893378554775,2.0500469312451,4.23445323799924,4.53194370465419,2.83657799999072,2.54436370822843,2.34361082078089
2.92526085729927,2.70229561596003,4.07410406356369,2.11272890347665,2.34795869741315,1.67446602626755,2.6671825791845,2.91205953585351,2.2966690630625,0.913795272237687
-0.026616384244377,0.0400059968726567,1.70527277666612,1.90174645835251,0.732459587447522,-0.494456156106626,-0.0753592795099607,0.341284066827879,-0.351413668707104,2.15881366991293
2.06863624155106,3.01271643000104,1.91453042423371,2.33109731831621,2.25406513528505,0.50252105943059,0.162865518677066,1.57727462748693,2.06053832196212,-0.224936292668283
1.56113129814306,2.41372934277959,1.34660413478319,0.409737834336399,2.2499684456249,2.62912087845175,1.75050356035983,-0.159938478077813,1.48095962653354,1.54719974759756
-1.11329224589406,-0.0114232839206247,0.571365444685428,-0.220298185804501,-0.242775500278341,0.939231932412655,0.626415383117343,-1.23742871345343,-0.0457760022677913,2.05540038701493
3.58804800604628,3.37526566044114,2.3010633319106,2.53015130826288,3.62491870339358,3.38354973976172,1.87056506715354,2.7369410890104,3.85571733704774,0.996328163480855
0.385678221155247,0.169666463572892,1.23787199837644,2.65847330389259,1.11708550723348,-1.81150398621821,0.26464332721749,0.460307744936259,1.19143265236844,0.879686477747492
3.43775693077981,1.9756289136399,3.37348559977972,3.86366357494747,2.53401956149721,4.34816391273618,3.04331735158484,2.13428110965338,2.81373536109665,2.25592181369323
0.278067175698078,-0.485683614542315,2.12237216901046,0.770073467785775,1.17127834491379,1.42588140044628,1.42029163341547,0.633473711455187,0.538533909589374,0.965451604002657
0.319328297711227,2.7126437465343,2.41580106876966,2.17602233209223,1.92301940209044,1.90110850066205,2.76062505597841,1.00965965611191,1.03808497155209,1.72053862897258
3.10093401108554,2.34876700605952,2.56110501710562,1.48516229596502,1.42568402955449,2.44928342699439,2.03059145483101,2.71336030820335,1.62700902850499,2.1904238802868
1.15477578680449,-1.9204259752675,-0.898226278158868,-0.425613853930467,-0.915151945133148,0.0633019064092802,1.31034605324238,-0.689699121338132,0.933124602513501,-0.00377458313493947
3.2247125748904,2.87133925634973,-0.26503719010553,2.78388561819867,1.97853733021814,3.31447492532861,2.80217774343515,2.98260575128038,0.259489604092665,0.486325247615566
3.37641038958055,2.52847477081083,3.06724699548269,2.19154838214679,1.74637631128967,2.48128967394308,2.56972166874361,1.97366565158983,5.02416982077076,1.71519646368237
1.97526454614474,1.63333188875227,1.44578350012253,1.31212217627565,0.769599081345412,2.24256913595598,3.26901433780653,3.02441985248357,2.56592893730189,1.47697825308757
-1.07257733203904,0.918839394519735,1.52477945371581,0.285082976026602,0.0951771464898175,0.421916078444225,2.69619984448997,-0.197914634609464,0.763284456465384,1.51459810860776
-0.477500740986669,2.71530056060955,-0.378406548256096,0.697833521145911,0.424071462545356,-0.0434781784726415,2.04860436330957,1.39549130573119,0.776514155703531,1.57689950907491
2.37140451119305,1.34859530054937,-0.281086710347419,1.78185024516534,-0.833827635523712,2.54850770084423,0.35496033501595,0.241832499907687,0.765591841763273,-0.999449057445597
1.15437374086111,1.56417823715484,1.28117593232298,1.41864598991174,1.23014634107996,0.746732297721961,0.738499903446609,0.986334344295706,2.3523889049344,1.35321109872865
3.25637883893096,-0.657650525969255,2.42166085761204,2.86378802739981,3.44396986593342,0.860306976377525,0.330049564194881,0.0194906912343126,1.65335385454579,1.3574922613415
0.478425361077608,1.1328267284834,0.283430779377043,1.25329794374911,0.758856529019445,-0.054938466037332,1.25987417747944,0.213782036573373,0.0337776639165902,0.0822692630032313
1.91544271146942,0.489123076331099,1.67191329092251,1.51656707015729,2.15011421962246,2.29392571617505,0.596664155372519,1.77433506406904,1.52767088109238,1.70572096212207
3.60823002880702,1.6629426124273,2.5818833348621,4.94297427204064,2.62929604291816,3.36230961629953,4.21789271636223,3.14298212366119,4.13934210958379,3.71235590492369
1.3510229158807,3.52654645975917,2.35887724932344,1.71924663215446,1.97722643990579,2.92064480159027,2.39174306807387,2.56884809487806,1.44129350922104,2.8146299584344
0.938562451617931,2.31155819101486,1.28931114014431,0.853343573576477,2.10084439812872,1.94918266509117,0.804000461062964,0.236107686949778,2.49948969290774,1.50659015780038
0.656358582032451,2.85868752292276,2.76159725220721,2.89250032505202,3.8351667983725,2.07511302936401,2.0947083574972,1.31195334850745,3.23288763307268,2.45473248697907
0.457879269377989,-0.40512239680503,0.0125870531220046,-0.589783908123971,-0.485754123851145,1.33459017280142,1.34056065327036,2.06017970905858,0.380050786437399,-0.783444560379892
2.81425470709441,0.937812191371339,0.757563904929177,0.69795406322639,2.33058284624366,1.23689966849087,2.14817359924369,2.4426943672373,1.4296815760403,2.84624892965349
0.529097452027619,-0.950748754238157,1.82549239194583,2.27016528570948,0.562365358604218,0.345021432211816,1.4795895388275,0.300373830579319,1.27615065590276,0.47744967557112
0.717382062145776,2.32736268840637,2.99136036805459,4.32496017600298,3.59223721972715,5.29645630469978,1.8907807882191,2.959801079148,1.82836336658196,3.14252418428807
0.787736554575627,1.4103727355289,1.79010337186518,1.93121440767363,1.27888529257767,-0.516733860299325,0.0575930009734211,2.80459862006918,1.20520630028078,1.86990821994196
1.55329678059528,3.70034859190906,1.71111195493604,3.211329660701,2.79539373253558,0.86149735546336,1.1024176213311,1.14202702709032,1.27623984707126,0.334749424770703
1.6514823025783,1.28009365856151,0.993364965790265,0.652511902000799,2.17125539425034,1.38946100829624,2.11173453402269,2.44460759195311,0.235452880803362,1.33906277815245
0.379040068599581,3.0455130960403,1.32505306720074,-0.0863716282268612,1.78899217044715,0.269577593793577,0.398930825286828,0.56690887820147,-0.642427798948934,-0.192585785795861
1.93762814110756,3.02253929815641,3.24192582662949,2.5034287947822,1.19649077559117,2.71051801032313,0.793754925150181,1.4983642761099,2.40535614304498,0.737190304458189
2.12380299706193,3.17556808741131,1.08986102618488,1.59078866356953,3.18755259977997,3.24269168838249,2.86077898978818,2.20225388327334,2.58290576867707,2.11241492778068
2.17377088970525,-0.272861487795446,0.982349914938888,-0.124490703529001,0.757349037253734,0.495379481218211,0.597687045315674,0.033063112664153,1.55064091041679,-0.35691843769823
1.21676714298705,-0.45914035172738,-0.618788453647141,-0.83146863843829,0.733366731973099,1.66205882474199,-0.578391309247053,-0.607470301684452,0.668399480491565,0.545079746815215
-0.0771191084295539,-0.429604589647339,0.753277596515661,-0.459394347572576,0.207948418984367,1.86551749398617,-2.55612894122153,-0.166179985125544,0.0287367355941136,-0.128825412439119
1.43660637889629,2.07123155711136,3.26117947400133,2.51199956263632,-0.270744494982696,-0.870078558269779,-0.986512522037873,1.64828391970454,1.52607188469157,1.22813107560921
2.99700342771434,-0.0614331462071127,2.76385987565827,0.623416322179956,1.27650706172531,1.67234039749535,1.54960428788158,0.57658337678129,1.8342826239632,1.05205965704128
1.61674089699441,1.61749987872027,2.88123227099916,0.124156188942136,2.3730522400092,-0.250972003120057,0.650222995805122,0.976443528542324,2.01079497818641,2.34806887420005
5.85639517951253,3.47839455798927,3.56197136919303,2.46919756757644,1.91669674777542,3.40840096189764,0.571383503175429,3.39079117238869,3.67367544190638,0.549831374825573
0.379607868379136,1.23395436770171,0.81376290835609,-0.300903069595932,2.21475355103124,3.17096804041699,3.43841435302233,2.14274383476691,1.79473590859696,1.38783658681732
0.140598383580782,0.474453912084534,-0.83772506829615,0.742793802934748,2.42884367544905,1.40379855831498,0.908427820426948,0.126817077881953,-0.374950543891007,-0.618240712229705
1.21584853623481,1.39996561018653,0.0382695578328321,0.994190181816881,0.226576940827923,2.60659629889542,0.037822511627969,0.935850894301358,0.578825858768954,2.37029092185701
2.62582913038244,1.69957996606042,1.76819850855718,4.14002527839049,2.97447799229847,1.57269724257147,2.2116121812982,3.06405555725927,1.10405645265544,0.195074751994272
-1.30638059105606,-0.387306021318935,-1.00022204840317,-0.458962987531146,-0.240062640307497,-2.17774323817839,0.483884818056013,-1.06859171610891,0.0207121607123567,-0.195300159578861
2.60638983859208,4.4715912348604,2.39809108020767,0.752373708733152,2.09829262839768,3.90514243848134,1.41921197164745,3.85411451368458,3.63236394237487,4.74947664412452
0.886410235870372,1.18685837324767,-0.216159814905209,3.23547099071983,3.7531521899849,2.61927830435732,2.41034246807145,1.61803684304252,3.63120471835432,2.09537629557783
2.16123610028811,1.41871493493715,0.104616544261775,0.963307247432994,0.0633710766575802,0.150593426370337,1.25426978358374,2.05303761865996,1.11754950901095,0.854160549620804
-0.0273136746778582,2.49199430590113,1.92767479708359,1.33084409973611,2.52448134456036,0.860628561650487,1.53554395754322,0.209024065810862,1.55856062715302,-0.29302939115011
1.63307511331412,1.37842300896435,-0.671104755551265,1.04515270786481,3.10856986535042,0.142071774124784,-1.49421852318817,0.230944763446804,-0.752842966912058,0.59038211085233
4.54995610612461,2.86579168279998,5.86787423125051,0.864195401152353,1.32232623691302,2.98823212173113,3.80411890509583,2.19655330084936,3.69274465304439,2.99340146485931
0.702364231986083,3.37397314030975,1.27820079421948,0.779610991695879,1.55292231614721,0.31508193167709,0.125354355314943,3.62982243949379,2.21911883249204,2.06643320721168
1.74094970548936,2.50503886647424,1.78064556794918,1.24048731721014,2.81715368293155,2.24847312162655,1.6381649950841,2.72958362270877,2.09231467044664,1.13009116721037
0.207478190360339,-0.669806018180981,1.29744521863305,1.13491254901459,1.82368697078691,-0.00960268146951093,-0.220115626511041,0.71720040845655,0.384444596085425,2.58129092643352
0.632452402474071,1.90746250022929,2.14916538045993,0.867523675071242,0.968860898674602,0.986534132204643,-0.264754339899221,0.801034460833155,-0.796698621920372,0.533898645786159
1.03953189021385,0.37963074135274,-0.860009250484958,1.11376655530617,-0.0471238218005428,1.68809932561664,1.14362623721149,2.13078123187314,1.07099135489106,0.744132945868714
0.135288827984,0.926603677595374,1.49700867572759,1.3939368077915,-1.09125241195729,2.84053825327752,0.510976144030693,1.98120307422789,0.95248032379538,-0.561358240831814
2.20885183106895,1.52745494453993,1.6760154436949,2.34770867931574,3.28410414930656,1.65185014361311,2.16912084683403,1.2920161363739,0.169004506848744,2.32259024436626
0.349373474598212,0.323619333565894,0.403847485667015,-0.510270489403539,-0.632403416449519,0.461196846295472,0.38933506908055,0.14049509267758,-1.17481404225664,0.669328249550402
1.65861431569007,1.7414057849263,2.47226701411466,0.668861483916362,2.53471253124813,2.95360369047501,0.739678002737068,3.54531160281083,2.17132325600569,3.18908249626555
-0.0979087497015771,-0.191223728434773,0.411803962577499,0.359804731926094,-0.0569782391367502,0.807579961980895,0.712992280994858,0.964232863906764,0.179698472096705,0.115035656034313
0.881834868235826,2.81889164119625,3.13600476752049,3.41215620170961,3.36506826639847,2.12573676015934,2.48665580344849,0.495963250721886,0.791695634090545,2.27603505924717
1.51665950271725,0.712794910111036,0.307805431388321,1.08237857769438,0.648638674102826,1.83084250579341,1.57451259846264,-0.420817793848542,0.0670269008207579,1.87835443886231
0.279073230169383,-0.649769626466016,2.2737009546625,1.01657045183624,1.9738296839734,1.45918403028424,3.35544531760934,1.71515100883649,2.07203901208347,1.62126156732798
2.10085023226342,1.18929763048837,1.44296897899452,3.85706790018253,2.52525297563691,1.89833639742282,1.55461476615659,1.7711273115212,2.23897532444664,1.76557417224809
2.47561129859328,1.68682737082865,2.34695363409475,2.42940988728834,2.50588189734859,2.65419942647407,2.86299912266168,1.51956450292239,0.429999140158464,1.30923029082826
0.645858666747946,1.93566844451755,3.34964955499783,3.82546252196371,1.42966798213842,1.30149333840691,3.72506115028698,2.8136358217341,1.65058770036614,2.00323225826809
2.63548656405819,1.61738729586087,-0.187480482994192,-0.648829006458351,2.48027405199533,1.47226325120052,1.41063777378288,1.3025241982404,1.29725632896883,0.435102606690931
2.4703584265386,2.9279619243322,0.725913746105836,1.44437930976892,1.82974049210082,3.84589669895876,4.2364064813596,1.91675444036117,1.18044356621719,3.90982422052366
0.161547843210293,-0.115816789134239,0.834762045903716,-1.13099907852061,-1.24212717512769,0.447991175449931,-1.61940589845064,-0.795781357476652,0.121625103114116,0.246872504346933
0.48905557242793,0.281858399575574,0.0256149164736695,1.28342530878423,-0.991333112720705,-0.970723335368902,-0.655205743723437,0.28220183158964,0.380126793798562,-0.947221854214488
3.29916168554446,0.88978278477612,0.763146873322064,1.44679986298578,2.13218937226537,1.20260316430801,1.68995001629942,1.41617396710643,2.79922062040083,2.3763003622979
0.603124242776093,-0.176789420534508,2.9415208202345,4.05448247770033,1.68394705279522,0.285928965334442,1.94572757426998,1.52314493820434,0.263503359575871,2.30561075160384
3.3574477942598,2.34645039529835,1.07583098877056,2.85939849685828,0.999824582433112,0.359289631774283,0.520823048675222,1.43516373142792,1.37945932740241,3.45649803516011
3.42503727289222,3.45199826149792,2.17010466244558,3.50286783943104,2.14235417374175,2.74707543544941,2.08935756396982,5.00874601221941,3.47837114252517,1.60920521331357
3.47003340543546,0.821735694549775,1.94703275475773,0.499062546570945,1.34066287746562,1.57819013855921,0.961367095574119,0.175189831181755,2.31696378744344,-0.727963046988372
3.40560567867076,0.555476429879749,3.43133529379579,1.72389878819899,2.57432476894412,2.53513493470434,0.797828655892101,0.189186462673372,0.230575362626472,3.21353705508938
0.0856881736628169,0.474404010563455,-0.689715472737429,1.10182036485284,-0.21597274302543,0.312487660828181,-0.282369012620462,0.75556557509997,2.88321484623758,1.66290534560917
1.62382645317176,2.7297371016838,0.88081052117985,-0.398599271446127,0.568471210781515,-0.246063691418059,0.881060670747554,-0.476207872426972,1.88704611381236,3.20189841275947
2.23727178885046,2.74380532372418,2.20407523986456,5.31247299448432,1.82374948431278,2.85130187338585,0.192444341183918,2.97289163075811,2.61261234041414,2.69666655897326
3.61502300465646,3.350419403956,3.73626962304823,3.66232874665957,3.53922727254398,2.90812755131248,3.43614414429698,3.18748012478266,3.96052648536127,4.22638658829311
0.423323616482456,1.90360087098778,2.29862313077002,1.45115103890603,2.20782679555168,1.87252614679239,3.23251795509182,-0.710564760005916,3.98510976819598,2.36618886657216
2.40285551075536,0.23963741027701,0.283528828688563,0.890227413355959,0.982123430028081,1.11791694056018,2.13196110990143,1.49896689554329,1.59406870127639,1.60870106379024
3.79333203234388,3.48334411960965,2.64699030499844,2.71170298403948,0.438586153036889,2.37670935653032,3.29629270402361,1.55759489717071,1.99359595836803,1.1036056589209
2.10575604777473,3.09990577237329,3.1034470316508,0.976836591156909,0.311415407645821,2.02753814697863,2.0712227796613,0.176504969020128,1.32800059423992,0.530425397209544
0.546411135679429,0.879447622358012,1.59830957626691,2.93977633088194,1.23941212276689,0.300411797188503,0.116653349729808,2.4856075677189,1.00006111861553,1.94638881036147
1.1318858135835,1.94915592060293,2.3705798250343,1.77445796116085,2.67646759724384,-0.508384905815238,2.95932821506061,2.88756669248449,2.02719427513522,2.63359315618375
-1.03609557280354,-0.527501285991238,-0.661115137965298,-0.30693564176655,1.23099619111628,-0.270912059538432,-0.767575353325596,-1.12787109684942,-1.17951640418864,-0.804637472214299
0.0839659340231321,-1.07537514050663,0.855865857074011,-0.684575850709426,3.28381814185789,1.08260057758123,0.66144213371692,2.91758751309622,1.71926045534413,0.937678487108821
1.22922922217075,-0.444537292439018,-0.586080318419867,3.68482790212318,-0.316274862772035,-0.0653855262890928,2.76112260810086,0.813860323553422,1.7088062189695,1.75294586301389
3.052791322672,1.73319343866243,2.23203859951216,1.05462974966205,1.16140466913085,2.29503534880665,0.871823515373932,2.24245701385458,2.06619467661342,2.10054925835942
4.76793988911921,3.81067168048772,3.3794661293999,1.27508322679147,4.84349172853774,3.18792716195513,1.09794215620389,-0.159403475129003,3.16435149620874,3.39441093282505
-0.109566996515125,0.509644493818577,0.343149087326265,2.16893118084243,-0.175421404912409,1.73744466657768,0.784298239826447,1.19719599168901,1.09022066770564,-0.0805112957946106
1.34384836642647,1.31756261820454,3.61714261264332,1.51654497656173,3.84569837824389,1.11039360941648,3.28240592061414,0.208612487586722,2.21612638035218,2.37858120693026
-0.316641521942258,-0.142444827321468,2.28018358818656,-0.872277333569008,0.733905979453261,-0.0717326666719051,-0.43113684151261,1.26987205187266,2.08988148908501,-0.495149928535718
-0.387597156480056,2.52608578633758,1.13222800386029,2.71325908741531,2.24154458072402,2.21249691089707,0.801847103727326,1.94837403831796,2.91690918045614,1.00760924889128
1.06169464149002,-0.490829129664785,-0.0572545238203993,-0.319356995530683,2.25426748293028,0.0232074634358453,-1.28751930603585,0.573318086700006,0.534724380549233,-0.267130619438562
2.56485245292621,3.22296633691017,2.78030624751822,1.20454387158223,4.35021332876335,3.52197631997935,3.58561696919034,2.66737712809809,2.86636301943981,2.78271109776421
2.28574981219154,3.64129211052809,3.30389356009393,3.29106711041046,2.81184674515611,2.74567145741263,4.21838950301933,3.43771950562658,3.65245647182009,5.81683934550657
2.448332215803,1.99636920408173,2.14781536809152,4.19536882918218,1.91529942914459,4.15928139241712,2.05601421029018,2.8586053617535,2.09102462908543,1.96367775823888
2.9696177666977,4.91021341335785,4.54856603080094,2.07971382193718,3.03805369555981,4.07282324714223,1.87327075469945,2.64479685760156,2.7531025940119,3.01172089749867
1.50441324304361,-1.1065671782491,0.521449180911406,0.0669902662447335,0.624175710375029,-1.25571656888019,0.429271812824593,0.827190463033406,2.3812907154803,1.25635422332957
0.138867155973146,0.313412886068588,1.664983499557,0.263061733539045,1.34682112015665,2.13595932718314,1.58301963405459,1.48468945838127,2.32513119402336,1.53823955531257
2.09424938597673,1.72161077682518,1.42692561813036,2.5545765299203,1.01429215377729,3.57012310569097,3.02529679903328,1.20091000058771,4.4229819162469,1.50613320240104
1.77948409200838,1.89738036950576,2.13835955953406,2.51247319924325,2.40112518014776,2.62672745336303,4.85131074450922,2.99372158496481,3.82192930988567,2.8516179735595
3.8116208644934,3.97629718165457,4.27358298504617,1.93971218826497,1.82958363528518,2.72864920309219,4.69922540173551,3.44064817848762,4.35745274071628,2.32814626760518
0.185020779004618,0.148228099883503,0.483965485155876,-0.914760652347591,-1.05067079948136,2.06737869702596,0.245343629126344,-1.28068291105951,0.615006060899759,0.614538620230751
2.69908470134442,2.41582464004108,3.04511270469373,1.52521879232903,3.17455330866859,1.80915264119033,2.73916539810057,2.3337051183901,2.46683871837609,3.96398652669857
1.88112679259769,1.32583748920652,2.58387752752595,2.94460890389518,3.18774647630584,0.993950801097724,2.56429170948544,2.55578975990557,1.77609120223611,1.66050973101658
2.19215953031127,1.1734457124814,4.98491533859405,4.98991417714006,4.19486449229391,2.20541009720508,2.12529861976577,1.31838897763908,3.26685245748369,2.41763469180621
4.23585167063176,4.56870461980919,4.35415598706227,2.04925878026226,2.43999607264847,2.8482211447283,4.00770889613094,3.65722072378745,2.10052938606886,1.90888671408498
2.37262299932269,2.52970034817178,3.68995424536917,2.22594037486815,3.10521457503406,0.482363868087413,2.95700852767599,1.05074676429688,2.60349673836007,3.45739031487099
1.23653464805634,1.73134617920685,0.539105344174042,2.40437971541373,0.739225300775357,0.678418953793647,1.55511813688863,0.679825946587668,1.08593032993333,1.25442541460963
4.32239638380644,2.05067069542132,2.2087617226237,3.85144686478746,3.85565895494093,2.54958720827674,2.58836987349805,3.38370238163002,4.08892629232166,4.52009133581157
1.89848092858966,2.46270232850887,1.53884455904007,1.83964313232137,0.985199477545046,1.13598443549593,1.91872771203338,1.28738309707357,1.9593053231433,1.33404781770833
0.862390246193626,-0.0138233813334928,-0.677948242233339,0.264316964270645,-0.798448117992163,-1.44609265553259,-0.195699675740957,-1.18984653357767,0.0115037290438362,2.401037273153
3.06403902339,-0.414912480475984,1.52179509533974,2.67899207459203,1.51026525657035,4.13123837353598,2.57797142261789,0.599394282436617,0.982540519022499,1.56689150286944
1.22871692171764,0.599169675235438,0.471813667837811,0.0322903837381585,0.520326596560049,1.06871376084214,0.248626081663521,-0.749598294791404,2.68947334906912,1.92906771147374
1.51228556790103,1.98073292077066,1.40861023212828,-0.104284490000291,1.26153293798162,0.93991140413399,-0.375904781967327,0.57226923750343,-0.165456633029738,1.57185562306836
2.29971364496061,3.24093218950704,5.01361227803314,4.08922326289237,3.97987409416513,3.32871811507534,4.7795902804941,3.4942914287066,1.94978827113102,3.55918088853581
1.53516243360121,1.34642610493901,0.894285488157724,0.252273430093538,2.0663358039941,0.566115928335403,-0.126289454197654,0.317809869147288,1.54058662841789,1.09260416991514
1.0520662104269,0.959255530479449,1.04580841292548,0.0319105020977042,-0.0541929614220009,0.430307357887784,1.10389863240656,1.4490817339392,-1.12230708398162,1.70850410122677
0.804546742111529,-1.17134919968019,3.7046674168803,0.787202416792902,0.10327964088924,3.65441583335826,0.0839334730755321,0.0708735397574276,-0.857748480031503,0.499569400755863
3.46061196440527,3.82678051848313,4.17113401519807,2.37230390011987,3.62984619414146,2.75456734523667,4.24604139875073,5.10304028826761,2.38894447530853,2.28383494715462
-0.0844851213494809,-0.408922308156375,-1.09452901676537,-0.381223145223952,-0.593889035063426,-1.35295175361924,-0.725976396029434,0.720944028993125,-0.69034265762971,1.94003904257774
3.96837174134858,2.11902682516448,1.45962199091935,1.97147085988115,1.52090392855087,2.60414386210274,1.84344845060159,3.03224119622017,0.938011784760808,3.0532134040638
2.8852029947021,2.19430780090342,1.90733519032664,2.06347557613149,1.19538174832267,2.15278946007816,1.80244407157459,1.25718531061434,2.69247747350786,3.09765023251904
0.945930200559439,1.8859627570034,1.45345750805111,-0.0378995798139341,-0.207779749179682,1.89590802666632,2.65003898593265,4.17824152333097,0.916743341464902,1.39033842593994
1.98610574300865,1.18714927793851,2.20098838029511,0.139303631411516,2.10755933204858,1.30378767339934,-0.281850662865788,1.07062809951659,1.97124548078677,-0.864166653924219
0.649468915680084,-1.97990357130451,1.73798322489532,1.17715288957363,-0.270755828238957,0.417347966541393,1.15515496529255,-0.0469175161495774,0.831320667457295,0.216720007068793
2.15330179440377,2.8385077393596,1.96974272871785,2.00732638453256,-0.0186758501924906,2.00066470224368,0.495343900868846,2.00700009331435,3.57830341375606,0.545523105917365
1.74908759321512,0.424338858765307,1.06641606072218,1.15763133389028,1.38788512502647,0.783110207401928,1.61038345447712,0.667109423345672,1.67048235371051,0.790675240968281
0.772473224159152,-1.13065337723311,0.125510755154036,0.77785267624937,1.1320733324098,0.592807164023086,-0.114506998615272,0.813336851358311,-0.801804571449621,0.068065129842312
0.240778314584295,0.520802928233655,0.229566869373965,1.82572992232325,3.39895138105339,0.357453319639913,1.76287237124966,2.05086479526959,0.350463286196225,0.352595565661843
1.77670114483631,0.158333745683794,0.761903750620116,-0.264427625298742,0.623797188668962,1.50995175374911,-0.950106100852808,2.79489611704633,-0.516309257384941,1.68948168118357
-0.394499306442495,-0.981715588598403,-1.3302465671534,1.64688082052024,0.069660655330075,1.77085238973681,-1.4248599926951,0.239228758846549,-1.32021765470223,0.309199108103568
0.328558055030016,-0.0888247722802931,0.134137043948238,1.2134834026398,2.02418473415314,0.951005291664419,1.35054535328655,1.17227776491739,0.562790954937699,0.766768847703324
1.82295862953114,1.90419374315926,0.820428612290162,1.16944792003937,0.790624671351521,-0.218108652002346,-0.0796649751139411,1.74573267122481,3.35446574181955,-0.931046544865018
1.7421484266927,2.15137531763843,3.66561684118769,2.31130910866799,3.67978490185518,2.54599503739063,1.17090180849089,4.8563289549243,1.73703853292868,1.83310072246707
0.794457190005861,2.05385891132704,0.066454850875494,-0.280387986262129,-0.316779897223701,2.03962330425152,1.59295122821097,0.267035645765268,0.125215446735151,1.58646322253562
-0.188199472400755,0.872088678431263,-0.759250418189702,-0.0516150708798763,-0.055049462261686,-1.88481123404156,-0.432361280434757,0.36310175400738,0.7919257673714,0.755879966152539
2.70718056571338,1.7645819131267,2.52087725695044,1.08911903183683,1.30649641589754,2.13348334853957,2.23978305099877,0.743502970657062,2.14967255931906,4.18644891948871
1.68054641299729,0.863359629098249,2.7724395320415,2.68804358775584,1.99065222376764,2.93194721910764,2.27913430748482,3.80189058179006,3.63848808017376,0.385940069486365
0.103414676040888,2.23890724577256,1.20369121177865,1.78200952334955,1.34686596468193,1.75265213124828,3.30387765510292,1.77461124999421,1.29225662542492,-0.503964756915182
2.50242153414801,-0.585256386404336,-1.26002374180809,-0.765704825547185,0.640061005768152,1.36647860289775,-0.304549748070374,0.607208307413371,1.47050265549042,2.08420802579957
2.64373816190506,3.59409079017575,2.76801940452392,0.402921707897022,1.5662009162879,3.25433606404046,1.57778743859195,1.99805376112853,3.28970055374494,3.34522162985516
1.54133751148374,1.72461745742814,-0.285661707994163,-1.3985196793294,-0.118223710536891,0.017439343122075,1.57289846996345,2.00365052091722,1.058353174279,-0.77446841610628
-0.12391731911556,1.93113845079716,1.62899129383031,0.985976714427819,-0.631847302110231,2.3313480341884,0.550178035603709,0.75133856154117,2.84509868585444,3.34821605970438
0.700045271071869,0.509830994346812,2.20875648194821,-0.173656458178792,1.01888014825488,1.25101945244969,0.731300815958664,3.65865517187858,1.71781990942485,0.754079106931799
2.92389621386466,2.80192095074166,2.99748862205997,2.38685671596538,2.31829414449631,1.98609383378548,2.66508728944981,1.44620507500781,2.70618913825408,3.63175483303379
3.62930804791898,3.5259728008766,3.86593220902334,3.70457326725403,2.20434554745059,3.08995060335756,4.48926843977427,4.00658377131891,2.9982505509124,3.52404826168588
1.17169049644526,1.654174733958,1.34505138073345,0.905164236286818,1.0247983112332,2.1814281925401,3.03303594566125,4.34019361481229,3.28353640536345,2.41793275901951
0.390737881569264,3.66670593752137,-0.283692012243552,1.41970042074535,0.576136501155064,0.898897302662414,0.839446428950485,-0.416781785871227,1.74800841585717,-0.554042009441445
-0.488435696687113,0.246380904285863,1.23188491818011,0.459431782436895,0.480336335958454,0.185689444210976,0.174353319717597,0.481569448569146,-0.151850882687535,-0.130475056760387
3.69185816156813,2.05709125501901,2.19640036397267,3.83153629424349,3.1966904654327,3.69859271533007,4.38119248247288,2.46141903980662,3.8794816499913,1.22189112631384
0.0598492834691469,-0.62793211363519,-0.416169735133383,-0.537525165574342,-1.09275079640157,1.502878562665,1.21940313383684,-0.102028416290079,0.393172436482508,1.11223941986796
3.75988816621811,5.99179881387234,3.72158084836286,4.104985930951,4.97088306801187,2.98162244312065,3.19252184503623,2.27734719502408,2.97690349538446,2.02949499776344
3.10345099179432,0.0554833982908911,3.36885887951082,2.40311745207929,1.60725356561611,-0.041592529789213,0.771167181189222,1.95647183946423,3.27852888098529,2.00674315896578
0.808397063137367,0.538790463177164,0.136571266128469,1.01789066123428,1.56575869887532,1.56001960847731,1.13572114818428,-1.19860212902963,1.72917065778223,0.966603185299971
0.0723911994746534,1.45082972299943,0.401580672782171,2.13655366943301,2.43883255171806,-0.421418373233814,1.38649556775384,3.49152476133416,2.1602219579117,1.82263547790144
2.38525841038529,2.75904067584459,2.14563529030293,3.07547677902151,0.49379627709381,1.81386563880265,0.685922580498678,0.704196025433628,1.04932047891827,0.888848629638374
-0.167179990986295,-0.725948579483441,1.23876548540265,2.39177996895774,0.69304632364118,2.07772181931475,1.05211849881459,1.41613976036966,1.84676230878708,-0.45705522702893
2.08876549340863,1.84573084150726,1.97218308980514,0.883628998340177,1.31846247062086,3.18358759227824,2.19967988644329,2.65907364295039,0.517037616346086,1.93501890780828
2.78817581365127,1.58437989698567,1.78567529056575,3.39259423769248,2.59264616857384,3.26533026451545,0.211416651634079,3.19659019426427,3.23629673652087,3.80745931154148
2.10547722706146,1.71872250829702,1.50409296772437,1.28625055949904,0.262630060517241,1.80853194750562,3.93420232782455,1.87839449862331,2.99718972066855,1.69393515228963
0.0411515991125016,0.37769934966747,-0.261319022394609,0.582848605540792,1.16382741326348,0.0829805176320472,-1.54146127677489,0.0267922562294651,0.736281055186725,1.3326144600712
4.35600801780159,3.19702428305643,4.15661837221371,2.58058852096859,2.49749431020069,3.11777857931891,3.70339555792478,1.52104885749161,3.73972824806746,3.2632331738422
0.731683404426379,0.606362983861522,1.14412789314337,2.25213583740768,-1.91060847014711,-1.22943183760768,0.390565708404975,-0.346150663321846,-3.057894818201,0.0681731501152791
1.93710165090816,0.761275351873017,1.07586569900281,2.71525780883695,1.63402996384477,0.810121536346212,-1.2027395341636,0.152995628313588,1.14497663470364,0.111217459384859
1.59979917482703,2.83794693329924,3.17529609280739,2.53387904107724,2.03016685645836,2.83424406108007,1.15183175108274,2.15328387569073,0.945857057127784,3.28805148184553
2.13715822381398,2.56160233996516,0.313320573622402,2.70303910724021,3.9821468365477,2.92114527447866,3.0540965453222,2.19741330149651,4.41238187019778,2.6225084130708
0.0440157025873711,-0.966132161420038,0.699265804000039,1.59019762237318,1.09620366758073,0.136616879734429,1.15306681260173,0.625303518633539,1.81408602058797,0.922551058693381
3.93192257586353,3.40168148027975,1.8781934235042,1.47799049984374,1.97697898650404,2.25688361807894,1.20282603406659,0.929232730900195,3.14065741156756,2.77826594073104
1.52148994811045,1.70277818134732,3.26602017264683,1.51817132380851,1.7016353624008,1.68742201658244,2.75357622854169,1.8366641267176,-0.509507713459641,2.53195510614559
1.37387955480118,1.0844298016641,-0.0283725306025124,2.1697208231302,2.14261359036196,0.917299807333461,0.323974698024002,1.74554694172448,1.1543745594921,1.33698497889428
2.18194279561204,2.10601013910949,1.45972783471119,0.383631059701159,2.66038309520494,1.72681154225661,2.89032948657346,0.999804781033937,1.90260369292313,0.69628410573284
1.00357366560481,-1.20468048408491,0.735977090455584,1.10589112268131,-3.49293844319975,0.746048572161474,1.28611394158452,-0.0208064497599948,-1.08834370269714,-0.0146016222683909
1.17154633963742,0.365842711941133,2.49590122510895,1.79984133150339,0.635836366529166,0.221965603474254,-0.256724267560174,0.639283938208713,2.60572275940601,0.450409037585709
1.55704339960637,3.3086631686414,4.31949079372366,2.47107489914195,2.57497038398675,3.27074802434862,3.54137925255647,1.90364914353168,1.49918074202932,3.33911040009919
1.95227166504375,1.33724559305091,2.54636853759066,2.56291968179395,1.39021548072132,1.88906173828216,1.57799352499898,2.49663135913386,2.81297442478182,2.46131815556917
2.08871500722336,0.868888777848118,2.10059405317219,3.09884352778351,2.51266407579323,2.07931784831586,1.67812886324837,1.33564195152334,2.27117665441399,2.28346009744649
1.57688089015282,-0.181738058733521,2.19459956317066,2.24570607338618,-2.21081914624505,-0.143548295513557,1.26268277559956,1.00442001068282,0.950859743438826,1.65852877063501
3.09750827769988,1.23077329787441,1.70396868040489,2.17901367061705,2.82066795398621,3.30408303353551,1.37035052769527,0.585843198743878,3.52626500139523,3.90021316200878
0.254382911733432,2.08977341028797,1.28334656953134,0.808008223501653,1.2551550719243,-0.200383671556142,0.0494427396074942,1.4122025968785,1.34216332749255,2.33191973600469
0.692960583896494,1.3131408340652,-0.195889167941861,1.19448004745794,2.28366977488335,2.39574198760274,0.917218409148948,1.04576959185403,1.09672342702282,0.370821624814958
1.37128629213393,3.2470079050215,2.32353232690799,4.06172858114879,3.43140828673924,1.4085296150446,2.35006244923388,4.48506956045499,2.3838134952191,0.989672003378116
4.22560561360999,3.11616612811506,4.00743227952798,5.38234019505466,4.91872162833058,2.36971728476841,2.14341126458954,1.26441934360461,3.18686400519951,2.22205631349023
0.325111177560131,-0.984404767737092,-0.234516749105741,0.891544851278633,-1.37287867023251,1.61436368579742,-0.0465905781169111,0.831688744557502,1.28904138532758,0.84791837720447
1.01817342536232,0.829078035700132,1.98363709909933,1.96575796392048,3.01866681226963,2.64297051591254,2.55099001217485,3.46503463547761,1.74902846993645,2.31801510700588
1.06271269995923,1.79030407669345,1.84138878391168,2.59256446074521,0.8312204612037,1.15931462327202,-0.519889201830462,0.97432499460853,-1.43530438620147,0.240453252567264
1.73334666972363,2.4706942269671,1.57483174255461,0.521706367846676,1.19503971014906,1.25249013420538,0.734638173266044,3.49357950678123,1.71381855101334,1.65836693846848
-0.584811733648569,-0.254963312137038,0.519920051377347,-1.70238715976263,-0.294177518521602,1.0999331828952,-0.260872182699709,-0.588642551695501,-0.550726546411306,-0.116682401786052
1.2333731243462,0.69552895840019,0.00685391783061194,-0.916596224856616,-0.276575789813532,0.82614680692403,1.80393538361653,0.955049429580689,-1.29150115147231,-0.339664692786267
2.67931859770253,3.67165205102999,3.78764343118777,4.26255908435157,0.794587905259771,4.53165519776562,3.44492207559006,2.99438186861885,3.44876115875482,2.43072708282171
3.44367456386241,0.632585980508572,0.788300715295253,1.88475455988083,0.550332333520823,2.02312537962279,1.90192838463127,2.08355956169373,2.61336055144782,1.13850262605519
1.47123857952169,1.63178206132646,0.537279119392299,2.04216013509423,-0.54537987876586,1.57590440743852,0.877511567264953,0.699011169954035,1.87768799904857,3.67760159785768
3.23130250298798,2.32834673213147,3.63231525837836,0.36847164026467,2.25048619746159,2.84817604377964,1.54289071090425,1.50152562303135,2.539775722028,1.36693673182945
2.38551509438723,2.01649753692883,1.92450093763002,2.12294378370628,3.11986086133469,2.39470959172878,2.4220079583824,2.67476156376276,1.44459934250283,1.43893448495065
2.4055392499626,2.42999039470561,2.8383069643904,1.65853648008462,3.18502909435004,1.29669831947345,2.20931539165433,2.21122768236888,2.83652698124722,-0.356916601673702
0.0869163042859653,2.06744724849826,1.60281625671327,4.10661133958561,0.328168079307549,3.29374653283621,1.12073837602322,2.96193964694679,3.10253610040835,3.1250663895978
0.963919271340199,2.03291308956032,-0.609761043540318,2.6730303871468,2.71585307246068,1.14511115358154,0.535541667423606,1.62950813605837,-0.330245905826109,1.94262668582876
-0.368821217523276,-0.942419852646701,1.13636407720207,-0.186769945897811,0.578249986062497,-0.884982902357209,1.32513669331184,0.835181965836886,0.635483931557054,-1.08631287646123
2.25020253033615,-0.214895963288114,1.23109938742464,3.37175019326703,0.649874681534375,1.01787859918791,1.91648325966453,3.70144467085242,2.96618947613734,2.17023804565459
2.96749511511653,2.71283103721152,3.81122285916623,2.59043129507127,1.90065794913428,3.7229621433777,3.28102009268741,3.09344921700057,2.12326347268198,4.15541467295644
-0.237209972554928,-0.570212047670778,1.20112964133126,0.229364251862394,-1.64373461346501,-0.277946047728058,0.121069646744173,1.23142575053312,0.899238926021485,0.346706527688243
0.85744311763535,1.04311654296807,2.86832926505084,2.3140769624451,0.278875782773034,0.485255461722255,-0.574988415593461,0.130334268003195,0.410445289065198,2.20324919919672
1.64803298825292,2.72096766173521,1.81365358993366,0.940534581426475,1.3777759230506,1.34325712405912,3.57629165247085,1.5368010644026,2.11151007820607,3.66411388106087
2.50256734615869,-0.281567136781949,1.37734078003974,0.500955474635702,1.38762359252508,3.20130911969232,1.78728941073471,1.90864396571027,1.69790530364293,4.13369860524335
2.87270510824476,3.24094786419562,2.19832550891418,2.13586043954653,3.13323587762348,0.000948653388458398,1.33789218971044,1.70242353678723,1.34366983267971,1.923395182709
-0.279935984010045,0.79450103916104,-2.20783997149307,0.627663357557011,0.878684519991644,1.23048503722924,-1.39222321143874,1.99328442345572,-1.70204790447566,0.520163490880613
1.51914328050406,-0.687395680343873,3.54339977607802,1.94898531744875,2.22872798156264,1.55268741419364,0.510934864972996,1.90452273385312,2.87278505529081,1.04223530370234
1.8252122347502,0.910623765939837,-0.437048353766219,-0.60861477124433,-0.295498233045563,0.484249588202467,-2.35217376968976,0.912378547959017,0.349249069978539,-0.445330564200628
-1.28472809817566,-0.739704593630416,0.837006036775866,0.435573487126847,-0.304022910548792,0.357069347059269,-0.352825427912835,0.666675901458987,-1.68224684727272,-0.133660644519398
0.497958174572946,0.447706580363276,2.04895791290132,1.1929854075394,1.4346567940655,1.25610316570518,-0.111199961017845,1.8749493527263,0.133691378557803,0.670403822221632
2.28821586423469,2.84820263180217,1.81724564480998,3.32852326350423,0.906277647079727,1.49473486550646,0.895724184446983,2.09499150934893,1.68408122815451,1.28737834997476
-0.132633443562405,-1.53613404369505,1.13169933078296,-1.21629376699434,0.996075266597675,0.903276310468062,-0.070835798421325,-0.238080571626058,0.11667321250172,0.699924554368689
0.247899252957525,-0.0772742677477998,1.75273976202017,-0.690638921911211,1.58646056505615,1.54128687014576,0.204709790973456,0.9139416444285,1.20998730677709,0.18844078427838
0.144928643805618,0.212953076662681,3.37982993743714,2.09718667194236,1.07120745681273,2.39379221859775,1.01378834151693,-1.0423369002687,0.30263423411207,1.44022955360663
2.24872645262367,3.70420943769852,1.3830174376689,2.14574552435258,2.48154702890338,3.40178499980617,2.17846454522942,2.73760976694158,-0.148277043068288,2.14970503928542
3.09208670570359,1.77475998592066,3.1532657128552,2.05105986761981,3.96496815585992,3.9121374503344,3.5384882212939,0.737886994456981,3.11963413682519,1.86519754435999
3.79791266054508,1.03857428613692,2.43631692652332,5.06879214396498,2.08428860841392,3.94889413802854,2.65777198855918,2.47773819918865,4.28667360802885,3.05251899238645
1.06891096753463,2.84896737333836,0.196430185075601,2.91047511460659,0.48301134784484,0.603624591720102,0.241609918909396,0.380827456575378,0.53240450461467,1.31189837213172
2.35696517656198,1.080751122827,2.41385049567228,0.554703312768362,0.20431647977189,0.241903423787252,0.678758380706897,0.901932200779334,0.538910453571825,0.263348823641669
0.61622350969101,2.6882743860207,1.36999283302425,1.11729115319351,-0.83562462060914,0.901109599644941,2.90691088972074,0.968255301680132,0.914268730355281,0.617398799793743
0.259744010048422,-0.193808692885436,1.60581545441079,1.2734926212075,1.49705888835833,0.785097359116901,1.24142862717467,1.6181242582935,2.28368260369945,0.904374384240118
0.186136161418317,0.1209473176337,0.508310423160052,1.52761070704101,0.919559042399503,0.480536691508556,0.829339322555592,-0.795609068061762,-1.43281814742869,1.5021235367183
2.71354197074457,2.02045095373849,3.46536244394786,3.89794260391393,2.48205264934343,2.64443324592717,2.11275558022693,4.6362152634294,4.67379854270931,4.04312435390921
2.8233100497576,1.74380605588931,2.17032159379808,1.62623772897831,3.73221881901051,1.46195108974326,0.200269683844453,0.413894827445514,1.94144192661476,3.60375414597911
2.42565935151308,4.89658829143119,3.1400818883322,3.75669578047688,2.82098950507308,5.06355873351469,3.1632753062252,4.34660696837164,2.1763321282158,3.29952314631552
1.44034975959634,0.863176834931295,-0.717109067194197,-2.2335420155143,1.15247440820325,-1.44997762728157,-1.65767635257874,-0.0597575400557502,0.880340741822762,-0.746879440657479
1.36245505408958,3.28540022129073,3.07950405225376,1.95314201955829,2.65458946562748,1.07362170935714,1.32939818670286,2.11442234309253,0.909437891253887,1.95599621277877
1.18190669359019,0.516970366866709,1.08011822986134,0.762531806511903,1.33386764241917,1.88452337749215,0.915898384321114,1.94933575173145,2.15751455641164,0.293272885901895
1.27770015006607,0.835344707177575,-0.182092730151613,1.31376048654698,2.63370107810753,0.442976515790555,1.11673769908341,0.932770422987172,0.81461966524699,-0.202915026174437
2.03905245161928,1.16664218689211,2.05762090729541,1.06834092219942,1.43736423291312,0.972750149303377,2.49370671984357,1.63348918729478,0.851318757635982,1.39564004516982
2.27435443879844,2.90345762860537,2.48816878974916,2.28096192814716,2.05623908544444,2.45803048694773,1.96263738298701,2.55444013557679,3.36733371952524,1.51416299851838
0.465085457740294,0.797230860453692,1.14992169526833,-0.218450667957661,-0.922286844545945,0.842783900830873,-0.517633411831564,-2.20321426342807,-0.411954293259195,-1.82160682792735
1.07032136637981,2.77920775502778,1.65348398248223,2.54645973298352,1.3551386614141,4.63720671865466,1.50687667818459,1.34813559548094,-0.132471697096522,0.877727396650957
1.91778318636475,2.79049041353252,2.67818479529763,1.60183422004622,0.343749919463877,1.40923418470701,2.15679804767561,2.28673660564591,1.1030631086911,2.4026706913893
-0.206011192588878,-0.969864555104996,1.73558365619559,-1.07142566591936,-0.0423583495419493,-1.29275687504141,-0.746449912505981,-1.72502974358053,1.33763658325192,0.238480092009117
2.3446734168839,1.1179763243753,-0.0495057923281848,0.427784299650988,1.17415214774053,0.195661464667808,1.19267938460253,1.85679263182487,2.57185508091162,1.12769541992018
1.51016073027476,0.0042380674829815,1.93396622041446,0.986831167813565,0.630652542103826,1.10082467786175,0.977484091743633,1.49883149111764,0.623793425321571,0.120538590878178
1.68376353491846,0.327641911585833,1.47986494978283,2.52308186660022,1.33257253326463,3.47049471724303,1.76550898288109,1.3218468820824,0.27360934040225,0.645379114213459
-1.58066059854109,0.742503567078553,0.406933832077948,-0.625883297478878,1.16816331757199,-0.132079329628923,2.80930465987976,-1.55083057309405,-0.0346964442431801,0.192226559681122
-1.2996741876292,1.21868495535345,1.1946077463923,0.510154100105066,1.37981062470301,-1.00791199196556,-0.917612891543479,-0.0979636284140332,-2.26664597855199,-0.799894964848445
1.95161055048018,2.35797472823488,3.00607114135035,2.44698989873015,1.56821661085562,1.08673331064076,0.101052731178519,1.51490739711698,1.27780301983787,1.50221263456443
3.59742289244952,3.09682507225575,2.58609509251268,1.61504764139619,3.56365143323888,3.32928893825986,4.69481475052469,4.8920096499081,2.08346232995306,2.96670293737614
2.822362783066,3.56330326337834,3.08691380112364,2.39866269076259,3.36076699983599,3.61722239258423,3.29602408217334,3.0235211705324,1.82135153218182,3.12225314241068
0.601074254002241,0.162925723396265,-2.50600038507111,0.390678840924324,1.87820017928583,-0.772852177807914,-0.74786870302605,1.73483387816944,-0.411847863827387,-0.34081496822563
1.19478755921055,2.55385687838332,3.42019288985769,3.71023615501659,2.62272890262224,0.120328505249552,2.96042616248188,3.18970807350596,2.92557890795724,3.5708093473396
0.602833706850611,1.60932002254981,2.54384194842683,4.60632668548369,4.3104732874598,1.43458333081093,0.765476114296357,3.86503071868036,0.730665818167553,2.08474544577888
3.12094258354393,2.60977947586515,0.968744646440497,1.01234646002303,0.884775760253184,1.47058701622185,1.77353576419429,1.74809962600531,2.71795664555277,1.63345963705033
0.505232344770552,2.38121596633307,3.27115239952011,1.97797342479132,2.60677908973123,1.47529934994684,1.2496690952096,3.54708894234631,1.11444036269367,2.16099662252828
2.94754210095455,3.17490287091884,1.27916387914986,3.09500931180873,1.45596466837518,1.329981430244,2.53455030844061,2.35703159808826,2.4695924001349,4.02971430242548
-0.272910132749557,-1.34487176912662,-0.253275630695551,-0.779013493931555,0.12986231151209,-0.707460514301422,-1.94421928111668,0.398476412409597,0.796669429834041,0.108989230747244
5.02374286927219,3.03364271917937,2.28571182789461,4.00949881569423,3.76483697831725,2.90363927978077,2.72292294139556,1.52793957620284,3.66291478849718,3.11285692188123
1.89535611286009,3.79589516398294,1.32974108075759,2.95053808707881,0.791524130888179,2.09900694164918,2.06141527704035,2.19301398365793,0.273135235120959,2.5903373114726
2.59625604885389,2.79354282167308,1.21600994447139,5.12520136931804,1.82552669606081,3.42958686163239,3.85722951915455,3.14864563493247,2.91350774503307,2.04664420581863
0.385484416467024,0.142286714169483,1.9198973860616,2.44125711139439,2.38655579084403,1.17800743966161,1.37450476523884,1.01056435480772,1.87577204157394,-0.455622736151157
-0.442012902263304,1.21786049229187,0.76760606815557,3.55819812480041,1.57131190941311,1.43905077874268,0.740875478759504,2.00956537171415,0.569794458412339,1.07462790990597
3.23756091815777,1.73295360199977,2.13347085658971,2.91230779552724,3.29262786075116,3.35837139017429,2.26510056109672,2.03241234688138,2.06514905095335,1.71112495350518
1.30709415495211,1.34089325365431,3.1335100066927,0.398311383410676,2.91595528908387,3.29126218145838,0.240707836696901,4.27588246791871,2.506729086781,2.38901453416721
2.12457421315865,2.16246066558589,1.81182157595542,0.779081682013424,2.116620029968,3.74359436906184,1.33697306430075,2.73596947703658,1.24498522548468,2.05362542457259
3.16678781702216,2.59944202107176,2.83073192004091,1.17035332867839,2.0311702962583,2.2059699979772,3.52910248210437,1.878795030675,3.55679646119926,4.85206946253517
0.446184545493463,2.78920929965586,3.0577775031026,2.94553697926668,2.30833846623791,2.26071838937898,2.17898939424413,4.24846106000669,1.67765071857131,1.28174775149718
0.953956308242807,0.095736699531803,1.20940211141197,-0.538836349545814,-0.333568925544249,-0.867816930181046,1.79517432060379,0.612895045743355,0.688912227039157,0.813219060201302
3.04744987323814,2.53900372675265,2.53244725464612,0.805885302207645,2.00519203357388,0.408745580840691,1.1326565394992,1.14879974776245,1.16514234513192,0.879010331849237
2.56828159949794,2.725039013811,1.2067020260028,1.72306818895405,1.5191751473407,0.617625455315678,0.993352999691992,0.95019396489768,0.173447660736166,2.07023636640934
1.60617416471194,0.33678592786859,1.56978433909852,2.58659801124496,1.94702804622795,1.58401915122309,3.44539342616489,2.41186003808607,1.73336976594534,3.63814953936379
2.08038426777151,2.36087500396084,1.7400489396203,0.46195955359503,2.29383712519563,2.41579184101697,2.79696914658162,2.60055763328999,0.867048927247952,3.01570902533999
1.200284603891,2.07430194607754,2.36334755574973,4.03993552497026,1.5655520558114,3.06534999911463,2.19483209116662,1.75916078462719,0.271646830750356,2.61174944856146
2.41971020975869,2.86913813095657,1.21990912796961,0.730067071890285,3.07174505272096,1.84481179870348,2.70263163284654,2.22050240223753,2.07520932292196,1.11915194898361
1.48441848994908,1.9167037460526,1.53697680303566,3.13371824183979,1.06301879350369,0.922143833733166,1.86138371165844,0.61140525128956,0.934124085205173,2.64570646091424
3.11146341117741,1.14898819991946,4.29787357317859,1.39148454474075,3.96811275477671,2.93186881587296,2.76481952864924,2.26032092227339,2.84753489109217,1.19234468483533
1.46847144457639,3.64536137555435,3.56800395197004,3.43146374409128,3.19453837132392,1.88557368232513,3.21833871854153,1.47681958862605,0.623150059600792,3.20346154399938
1.58560693302943,1.02998391264323,-0.128746706721397,0.00812416519246684,1.61349231738795,-0.34605107809874,3.02927028182932,1.07354184486836,1.00810400296878,0.911665487986645
3.3107842889937,1.64133058476786,3.40038805345898,3.05363885425963,3.76988928542095,4.12272027772562,1.57772001978037,2.55537557839359,3.08642582943289,2.88699031894717
2.9591508355223,2.34558498204624,1.89202263464184,1.62644801186338,0.457951649924253,1.27674856410998,2.8402567567981,2.14182311319282,0.503172974194917,2.23956316975875
0.460591294228605,2.29683805057765,1.10755113499139,2.8912823405788,3.16961522325888,2.52633206482236,1.61427944570753,1.61181480754124,1.7718162845437,1.3104937284337
0.678563194755009,1.87259379007475,-0.209491018732762,-1.05503385339385,1.39308314123687,-1.04652597811852,0.0227899006208536,0.609622577367875,2.0131178275314,-0.00192392553655346
-0.772376945007228,1.74550867145081,1.653758264177,1.96909134571955,-0.0385378879656484,-0.59489209709354,0.696566000888886,0.616134198702481,0.205816350219853,-0.805685793085014
1.42960891807718,2.65618312545019,2.86098004477908,2.20609381672157,2.82317213824419,2.32064644290401,1.56733597060913,0.971584321609962,1.89021045176063,3.31822244823411
0.163955981064345,-2.33075683121665,-0.929769541825121,-0.224472244774768,0.305812010625291,-1.63072210253435,0.91647490777579,-0.072271082513712,-0.0661670845767617,-0.977651951407905
2.7238279128881,1.21940464944097,2.50471938703258,2.16247060051255,1.43832502577267,0.667047272337987,2.77088517688928,1.52945238107168,1.64287609776504,1.72931670320948
2.64196015204332,1.20697860570049,1.98727754910698,0.81112176024725,2.64383770833073,0.249090872945596,1.3050197493063,2.78682095555011,2.1847291917168,0.41777877452381
-1.37724188412053,1.19003005644352,-1.67482902097208,0.278008775425376,-0.64710380825207,1.77423723021949,-1.06517697948875,0.979607650345634,2.09331219541958,0.906221807013713
1.25179808198149,1.05593602240903,0.879570823367727,2.1060551947761,0.996152029626982,3.32320066878034,1.52719270450816,2.59279571346026,1.84824879435507,1.31973866243862
3.05195893175363,3.04748783195477,3.42873513370343,1.45366103382323,3.05434159327989,2.29760476495864,2.92888321266939,3.36241007376239,3.7135329265619,2.81239219484722
1.70830485549315,3.35516274510965,0.328303855220436,2.02908258124914,0.939258737060322,2.73432779388279,2.83039592735295,1.47173822446289,0.146625265165413,0.802010028880386
2.56312898624887,3.38107823694423,5.26972591009505,3.39188761851137,2.33794413398121,1.87062005522214,2.5694672504234,2.30254627354535,2.48659537113801,4.13321295027127
2.75209385859826,2.78571774628504,2.93561945319767,2.24631732326631,1.56542493845821,2.03163595733872,2.57315005285654,2.05726841814675,2.26366096183746,2.66935467314722
-1.35973048256292,0.929499306595615,-0.900647438059789,-0.153932974872505,0.625915684503584,-0.358327833801869,-0.441532533238765,-0.988550546062653,0.0150557376758141,0.360486365955098
1.07280115658439,0.611818411404231,2.24574307184892,-0.135172897661058,1.17796124317651,1.79668489281469,0.203822238500105,1.13839400251533,-0.512830778639637,0.91479078870513
2.20197420876995,3.50304671102743,1.84660936245612,3.39355166838113,2.27603683957507,2.92370433133039,2.15243190191443,0.640045788624174,2.41287113422936,2.89724741450609
-0.259179903977482,-0.000932116243755073,-0.6141304389309,0.563203128675898,1.54927879706944,1.72654066097887,-0.0466404261673617,-0.0566689846305117,-0.510873969858696,1.4540539059659
2.0933222731548,1.97296722876668,3.38534419944422,1.92696620962274,2.6205569333377,2.47691110781741,0.349962232099751,0.924088825668866,2.58523911081334,3.64290585238319
0.973299893025175,2.76979316848361,0.35493206001057,1.05169774526743,2.21813739365821,0.591426630685963,0.96197998289095,1.03067324747198,-0.501607772690294,0.202467478023965
2.6992816486023,-0.168853921900897,2.48022048431793,-0.0845180370889946,1.83441793301264,-0.00925766707101761,-0.854416783020254,0.105909371855786,0.086936509050357,0.264531298396779
1.14968813947188,3.59363936448016,3.15234168583217,3.0133511445548,4.19958180514581,2.73747045789944,3.98230826510597,2.87778909858452,2.52416484469214,1.6472249197938
0.821612077749229,1.10324684392854,2.2396161374874,1.84028190192988,1.23896508554767,4.52745527079396,1.22546209764721,1.84371213273057,2.04189023954826,1.75314256672455
2.95751912872467,1.22765915619018,3.46781431674753,2.79630104573627,2.33581401854748,2.01179741480112,0.38368861449624,0.174433543624289,3.98467072996913,2.85180925538366
1.85041898637585,0.771624593455239,1.92270264264925,-0.280634277121494,0.112674021926666,0.809081214521754,1.08860459364244,2.14855549299299,1.38660215236703,-0.053557467251871
1.01349146795331,1.51460863331162,0.647683428167394,2.28183992361382,1.07513545118149,0.800809803113581,1.33416395933448,1.75919067626917,-0.985097747968814,0.521407595876758
1.05756628673868,0.0386911492195658,0.844557380089651,2.94550726825825,1.80795462053309,1.31899398690829,0.855881080352405,-0.520285321528744,1.41877941760919,0.532941007882672
3.50021779550446,4.66704744273416,3.17172565750449,3.69769053645371,3.1919053918875,2.82662398742098,3.82248781415639,3.05330656270343,2.69659806367302,4.28247042448563
0.541262239474559,2.31744996876207,0.910754943297318,1.09537230702314,2.27712254268624,2.2896657457017,2.06491128067873,2.09827652866031,3.14494882498401,2.88265189034547
2.18573674526453,2.57467997762128,4.79551461816932,1.81166131240679,2.02448281572921,3.52658093719791,3.6824991387724,3.70182570179497,2.94481575531987,3.96704539674432
3.59369322214458,5.42042448968654,2.07878551513897,4.74807705332115,2.92286596070247,4.3864437752215,1.50562897760127,2.80708300170523,1.90166773861139,2.90711349761288
2.13612820458663,1.10876043227125,1.31819974734514,0.317391109116912,0.233412661408567,1.74209589885698,2.14171422241827,2.2840547853255,-1.28998275573586,0.68049190179696
1.43484291917682,0.952415715318883,-0.343858321120674,2.70589203120813,0.956617371554699,0.40445790879732,0.195662204984489,1.31286082041152,-0.152199695878679,2.71484927900986
2.44923872157546,2.99424708155638,1.05614952602329,1.50114715722591,2.27810445471499,3.46181787253397,1.77092623257803,1.28240956082166,1.59141715412717,2.88922819590113
3.39411952568862,1.6614512390958,1.34809868102003,1.15694335926946,1.81504618192444,2.63780291299069,1.37124613036016,1.2791328949481,1.60593102755945,2.6680960810708
1.70728883189923,1.03777048303262,1.62988909075862,-0.0841809522742119,0.630097647314263,1.84894585663506,0.0194513572411988,0.173743507978604,0.254206650201643,0.512640393064164
1.00574027266731,0.00342366447481646,-0.909769236426165,0.882960836757041,0.163397348380538,0.913691453042856,-1.05325772270755,-0.012451527007395,-0.911324178840802,0.00669387474804617
-0.0427252774320428,1.64552336806147,1.87082264276421,2.69477785019185,1.20120060097384,0.690296833407249,1.37984971191206,1.04183526632686,0.53336879640555,1.46996753235148
0.380318922602431,3.82049594051647,3.14980158982378,2.27125885729542,3.02662747667054,3.06039762148132,3.59996597004669,4.7775566388068,2.13587634202731,0.874757389940922
2.33938567330098,3.12963862423097,1.45978213193596,0.698034573958864,3.15760109560557,0.974589842557534,0.948972544439299,2.11766166159602,1.20372937570302,1.16257984634874
0.925157358782533,0.518215256311891,2.2888456824309,2.10066255724857,0.0661374831338395,2.39315353674548,0.743517354347084,-0.606261073869887,1.58886151824985,0.992994634048541
0.469857196278993,1.65192467947985,1.61547326795926,-1.56030784763741,1.87942929053968,-0.278143146491238,2.68529207790404,1.77010879162885,-1.41275729268108,0.487847514164978
2.04844305988529,3.1463657613323,2.1013905877134,2.22845460875897,1.6496355944235,2.43016130810144,1.13331349344579,3.39540039538406,2.38604369282753,3.94705000178293
0.656687692369005,1.19133434350683,2.31009270989827,0.613167318353276,0.484392513579956,1.562648929642,2.67163567023367,0.116250066425109,1.15630369314333,1.37751165957941
1.07599287881278,2.69168097748751,0.629153941918949,3.0533296770502,0.965774015090542,-1.12952553831462,1.47288589016226,2.26956953713828,1.06880662594819,0.303153049537492
-0.349302390671843,1.23719773675568,1.09896262269311,0.396461536683828,-0.0623129381922358,2.10403886083279,1.56803047681676,2.03801512235179,0.95300552856645,0.481173721018812
3.81682918877041,2.30922918556656,3.86639912434261,2.99624045623669,2.81061085018414,2.84944354129853,2.74765686599978,4.11719888578765,1.88804609845753,2.61340037016345
1.83412749675131,1.71104921215399,1.83520007191888,2.36302376319578,3.36842116631637,1.14881858318294,1.3008590551754,2.53679053894513,1.61792028292376,0.799798281593423
-0.211038009531017,2.50916217179675,0.654339898280446,2.03653507424979,2.24153010055811,1.85632273449848,-0.745908552460421,4.02998560128889,2.69324014213891,3.65862612071182
1.76549569863062,1.34489013010722,1.73150107228797,1.25814037216275,1.83959661510171,3.27310402555939,-0.0984844073778031,1.82750857568442,2.10545725565369,0.468004576899636
1.5609722682571,1.029370793483,-0.616807411522979,-0.809045617417101,2.60702732185817,1.7457655713398,1.9197210728139,0.419782161100058,-0.523183407128587,0.13409560972658
2.12848556806624,2.07500315198242,1.00601859164308,0.160709427604504,0.816886649604233,0.551172687531194,1.2094462696105,1.69331313502925,0.331388132315182,1.60300812070426
-0.865588321183577,-0.0462453769497161,-2.21258080694142,0.464422447756812,0.767681759650815,0.826856365311263,1.04720813696494,1.46819525717296,0.776873745521496,-0.237725262217453
0.59148798377095,-1.59191429327329,1.55606135448982,0.802572038298338,1.02562456786734,0.442871399452339,-0.527401109163055,1.56476077126018,0.11367275654412,1.89865005187642
1.08166070722826,0.428667538467506,0.502816501593426,2.69307808273684,0.514438820710948,0.221413772879307,-0.587523256555415,0.619705761416436,1.58798094991455,1.10502316548579
0.0594606457484865,2.17921859166878,3.7370394561469,3.58228326699971,2.47304085104242,3.9885201096649,2.78331751053632,3.44462747559272,1.07009439998404,2.46288314555015
1.50051262630877,0.839824230230976,0.425618399446243,-1.24013581711226,0.0542592483806549,-0.70153958452211,-1.13506828960509,0.851699616283682,-0.250444001437958,-1.28834660231753
2.41535873784133,1.16610859041983,0.0359641060229184,2.49628114768846,1.18945864943904,-1.06893142856462,-0.699490352355571,0.84600937836749,1.57484633404184,-0.629865342059847
2.95479752320949,2.76714822178412,3.16481663998957,2.6091072831024,3.15945691978309,2.66193356900188,2.25890552809302,3.72210696866927,2.75432815849536,1.80692344518324
0.395132575530293,0.927211325029723,-0.72457286085096,0.5221886661627,0.688671810436375,1.48110062777431,2.90811287463453,-1.13350984941027,0.693487238037984,0.84850754750565
2.79494163610272,1.2212327682267,1.48450302469397,1.65753084129574,1.66419005186435,4.09212445540917,1.93988971287334,0.203462680409573,2.53326997756157,2.49842520417297
2.00122779190981,2.9954500134159,2.5324213916074,1.91427075618225,2.72795755178629,0.392018821513929,2.27511760257557,1.27119511157185,5.20019466176548,1.84536434121015
3.81652596339034,1.46030616729327,2.17145981050627,2.35171354469841,3.24844229045747,1.95872059138926,2.5165014118742,1.38686595130702,2.25703658597729,0.63692788478807
0.147801973827785,3.5656495064189,1.7533629135706,1.60990065981738,1.73028566318415,1.77990280725337,0.264182913445739,0.553161664356756,2.19172805542486,1.64426740239862
1.44390866097552,0.574060947365457,3.52615708909766,2.31207354161938,3.19385800281316,2.13467780208229,1.53111726660699,3.52506308725908,2.221238468093,5.05653402630284
1.2715912069136,0.599847229424549,0.716895627958117,-0.227744699200163,-0.243782924205816,0.688348541512073,3.19131025035445,0.264797249520042,0.380966310110998,0.471679659749276
0.179574632659987,-0.190661381867848,-1.73286519966832,1.29465691443002,0.331933510983372,-0.371567831865437,-0.495550057504304,-0.0994219136555507,0.88943285192888,-0.882090775652169
0.427123011923525,-0.412443004854684,3.42263395043035,2.38334204293746,1.55592220956034,4.5843841726122,1.2924552115787,2.19269979296478,1.81251125623814,1.89437821690123
3.53296198067674,1.81502399761873,0.0754542284433926,1.2097227733587,1.20241129815169,-0.860908134509437,-0.192366261262425,1.36919194473025,1.83158806764973,0.914661845157655
5.44855948970536,1.71786281750044,3.46314385800327,4.63727599220593,1.08250156552984,3.36432363849976,3.85008525158008,2.52486639100584,2.70933486773673,2.38833157233071
3.22201923890001,3.24371534506916,3.06757180150381,4.06161771333717,2.80502706594982,1.99941170445568,1.67049372461427,2.33296274772783,3.30335998380781,3.80052357577373
1.03476445616704,0.297092529653208,3.3519089114764,0.431333563197989,1.48495461486116,-1.7402770220094,0.219199809025325,-0.0128855614082199,-0.808681138465011,2.09723206683099
1.10513136810334,2.38390703793494,1.24727293558144,2.20581323732971,2.53588723414403,2.06058835546009,-0.419402309458572,1.25927568055281,0.61642142929376,0.994636511485082
0.930480630571167,2.27094263170445,3.2496758001383,2.49077846266291,1.03458043250747,2.91780870885569,0.0069023569615847,1.47457214624638,2.28068495682726,1.6810044806552
2.25486761825112,2.17616070747749,2.47145812996042,2.31404870424056,2.79184937472335,0.735092656000443,1.79128212163395,2.75341266328946,3.15877764826674,2.21965591723653
1.61380860682609,0.936095106822263,1.75052429803483,2.3230333198525,0.902398766513044,1.87078494056259,0.992057149759367,1.10484913982668,2.29837891834348,0.199842355507163
1.73819342426708,-0.305995304366405,2.61107149141478,1.73745763381489,1.40157587003643,1.27055236473321,0.631195344867832,-0.342091410566626,1.5287262571209,0.422835283582472
0.580193103582588,0.0674317319451931,1.42646188645531,1.51546238051045,2.21856671961691,2.41423619112026,0.193952188633305,1.66352741141044,0.0514703311064464,-0.374201575525182
3.55620056903794,1.57451958380216,0.851226373178297,1.96503675230254,1.69482705199931,0.92963707852268,2.65225906747753,1.73116995696946,2.83431169621898,2.94435725678314
2.41133195493294,4.08546677498754,1.7495740488355,1.16840996581933,2.79242472018572,2.57554072482044,4.34376844897839,0.663018960489537,0.685687229574662,2.04293614092289
0.0752998860931854,1.49208716457453,0.15930936540475,0.241580523866315,-0.116138187975615,1.15600634124883,-1.29150385155902,-0.0518391043421999,0.889330764690004,-0.208528236250215
1.03247536334779,-1.12229601995145,0.288496372091587,-0.170310284776301,0.829639465161443,0.434851228974312,-0.119657573548643,-1.00952535381757,0.621318993986547,-0.15933229006623
1.18237434086127,4.27098435320824,0.545504517244009,2.99830694653104,1.4662548559015,1.12933582649259,1.95775642595478,2.07233531239326,4.7493604102078,1.74754553298237
1.69038160313255,1.90919904792334,1.5259350895553,0.816856104890952,-0.568030337038034,1.17665183154998,1.26589575071202,1.62512006417499,1.06777608307871,2.50600350617206
-0.181873365765133,0.171719503928893,0.969813341926654,2.5947102308023,2.98290239273648,2.4539456434261,0.33301558225994,-0.291274613187776,-0.318286141730474,1.19667328816794
1.26978850331967,1.01689749411522,0.547263821526216,-0.159047527690867,0.883791715111941,1.04774103890422,2.85768116728869,2.88384493004948,2.81609958370668,2.92686262121668
0.3440611440885,0.71599309448165,2.04673919228759,0.847937623118101,0.431825797609904,2.11762437780968,1.28642601933401,0.830619260501175,2.34909375294005,0.99505003081132
1.0998419279615,2.39765571151696,0.119732453107812,1.27903456005323,0.819372708060941,1.48257065706809,1.82916821733207,1.77830757122715,1.81726988003705,0.0125085489169119
1.37537432507928,0.493613635887249,0.57067719541854,1.7306671881642,1.17954185086507,0.00393459202153712,-0.658016253824051,0.235137368564182,-0.932603435566187,-0.706557423042912
3.21242378334252,2.03514154369579,3.57002108057944,0.523691974808842,1.05355451426152,-0.235413979210192,1.70258088165147,0.704224833289989,2.27127543955753,2.61571741027869
3.11096936343698,3.23511240863631,1.92525134317864,0.726571461610633,2.1235772049274,1.91773903588645,2.53973864556507,4.08111899527191,2.06135661058449,1.53248534411621
-0.887993831557435,2.45786454206967,0.960719622075558,1.8853656187025,0.343915729364058,1.67818322816984,1.75387853495146,0.474393753087339,0.457144150884812,-0.46389319470676
1.73217843237076,1.41878332374696,2.16182614020833,0.224874163059406,2.14089545721967,1.89913006025018,1.6182473843077,0.659523290634965,0.656544243391392,1.17265757853452
1.14707712728946,0.444519473376223,1.2071808749366,-0.30454477739896,1.05853555170071,0.501145027146275,3.05509758623518,0.976143385448809,-0.0177689666485985,0.797324180322021
2.63800349523967,3.53325812666801,2.76275648641704,2.7123476823922,3.62482620779071,3.8783885252596,4.13459600341653,1.86398601859054,2.60134889279573,4.38107974896999
1.03051208047572,1.13509732693002,-0.301610762613525,1.10400584218825,0.423381364873185,-0.524427256072289,1.60530315389657,3.29979157343878,2.85872224144034,3.18455251069317
2.36419846468772,0.957682548229995,2.97481976779597,1.38584005328796,2.45918874474407,2.4127543511368,1.67760053467498,2.44868027062141,1.04713574658288,1.47074018728055
2.48518003954169,0.387361486397606,2.47137054305931,3.246345107588,1.45882620510604,2.20344665916897,-0.556892674959156,1.25965154414252,0.938521409948666,-0.345256798884592
-1.92708109413276,1.02724923712416,0.0580651212537131,1.39107917163683,0.67637284774238,0.177802036234106,0.0111371265262666,-0.18947059999263,0.620262119360052,1.53192428431877
3.7381207600389,2.71387839925814,3.02280555328583,2.14106019819079,2.27723239055663,0.808732846869269,1.92199436858923,2.030237394372,3.02790164514173,0.900750099521282
1.0737923604468,-0.401374725787374,1.44534561169616,0.715701308680982,0.0601850051796536,1.40436471804738,0.369187017417949,-2.0313243802578,0.486424626481169,-0.956795861168066
2.10108696422183,2.47705658308569,1.67654162628135,0.398289729683743,2.46886082130919,4.71347793546749,1.15748933515087,1.62871809571401,2.10082533977764,2.31773708097861
-0.598072777451183,0.574581873938624,-1.1079584578204,1.3019424435024,-1.06038758765358,0.571909090839487,-2.05181412374658,0.089383028817421,-0.0632916664644975,0.912773650762049
-0.486305301660867,0.260831753023808,0.859505676807494,-0.372273739788381,-0.344038364896326,0.00896609130297594,1.81760836731199,0.618083644785421,1.16619242092408,-0.814131258364577
1.09557940373216,0.894975644266423,1.27976456151291,2.16311838617733,1.25502317763519,2.73867776502869,2.2376153347865,2.11232464160535,1.71469161874863,0.960682506103702
2.20027500169712,4.08940365520841,3.06853316835865,3.31274768239617,3.2596713605913,3.02514114546536,3.79569086813269,2.58093173969642,3.20165526193676,1.83884638720381
1.64170408589021,1.28967172391847,0.175409000064706,2.71808662970286,0.206160524303268,0.727819480084791,0.372463260680723,-1.31183178957968,1.22636288450315,0.243568983680844
5.07781345649683,3.91895449518445,2.44040442489457,4.19121216974807,5.72236104618502,2.07481926609754,2.33469894764106,2.68164431882494,2.20913330725155,2.20013197655669
1.85531627796992,0.508543741894144,3.02565661881407,0.887657791619691,1.17097816183862,0.298736958804683,-0.394416515927931,1.26384967024346,0.957922475141749,0.43589596384776
3.90416004246914,4.75485642325347,2.43510068708969,0.854020455983913,2.03779549540085,3.00118364071225,1.34670756552059,5.70083737014731,1.60111838952334,2.89903157146172
-0.959250842117024,0.169251738951993,0.794760473861339,2.4663020085145,1.00142363526663,2.04435488905793,1.29383828488733,0.284634891630968,1.65479029577573,1.25219801501522
2.51955700836977,-0.458341976202278,0.371950948060236,0.832954274248932,1.12896244780787,0.837633278581828,0.513032738552014,-1.36076972282709,-0.8195445373895,-1.4161239338531
2.56986885254007,2.43694856602965,3.43834218463904,2.84371482675777,3.13297781480992,1.66785965265991,5.51777703876394,3.36780853057796,3.84569288111616,2.44968187098216
-0.403173455819676,1.22139922235441,-1.07333158358069,-0.984031738729535,1.08174664717693,0.66804178041435,-0.116495667155592,-2.39810152738062,0.633007172821076,-2.07699669818265
-0.20896932719125,2.06700488185748,-1.26881142675472,0.685477715699035,-0.448386244331181,-1.20519967017516,-0.621921120977111,-1.31635459315073,2.52659682966073,-0.212638619291312
4.0713287432897,2.84761792428742,3.89427995025961,3.44941887553525,2.69751123983727,3.31927802324059,3.05563631338075,5.64921426433401,3.40003576518428,3.49316415246528
3.39503056980591,-0.631622485018712,2.05397379888066,-0.00407235877573964,0.924273148277471,-0.766930022316602,1.41050520996317,2.16783032473264,0.422628267969086,2.29331125663242
3.59716787889073,1.58049855751382,3.20579612862414,3.38907043747319,4.60520138292581,3.28901516723861,3.15736305558581,2.54468531709194,2.62452907443037,4.27879778644775
1.05843231953127,3.2019891071642,1.64544143460068,2.41060400230579,2.03013452142479,1.7867199484343,1.84343113403762,2.20301477548723,2.0371792427316,1.31109925996456
3.27442044710121,5.60172034427758,2.39814846360441,2.97899497447285,3.94905195183176,3.4812671063869,3.79714622706766,3.08659267705988,2.0018419046733,3.8000591932636
1.66381524598423,1.92143743171404,2.24075630381664,1.38020896831414,2.02196705240968,2.25595528253339,2.987939680348,0.871581061152607,1.88511902118891,2.69535754603779
1.43774281896247,1.27802617866496,0.462347456829539,1.07613299493872,2.29027949217071,1.04001285353494,-0.000669146590769332,0.359844958419284,1.4073775835993,0.817573333750332
0.188170510370241,1.63512100458481,0.367790744022095,2.08365496950985,2.29968511323054,-0.185378393102775,0.624535954427603,1.08510036121976,0.156456529285743,0.483315282357039
0.303325251886038,1.32140568384943,1.28600354111884,2.27893716230624,1.66196133904999,1.16926955830553,0.609411286868485,1.98206486029069,2.77412509628618,0.695376414097731
2.83707258314642,-0.0458150921828757,0.418924167864642,1.19509016407583,0.876372373186336,1.07955549124895,1.16332118475719,1.73436079065354,0.670957800804583,2.17039994703594
1.29336123501896,2.99811795819227,2.38942598313264,3.79504919372605,1.27990356981663,2.28801848544717,2.03589586927637,2.84998086710189,0.99788604495785,0.938254434065924
2.75949146860468,2.62076769214947,1.78066845671763,2.19977315211249,1.92284202680892,2.68477548882708,1.40846219108767,2.25706279164291,1.24312406647272,2.183979407764
3.07777033577286,1.64410853620718,1.43347764680999,1.40986577261423,1.82054137528737,2.02538321650412,3.75979843441447,1.52152629980636,1.33343045169639,1.82914639089177
2.19369231527564,1.46714720247887,1.26858994871782,1.0839445469639,2.0530807958129,2.4818181458703,4.22209719136313,2.4212577192797,1.04052164362551,0.621707172911782
0.585949024943771,0.359115591638905,2.53588169317893,3.69899156562292,0.0989396179335859,1.14491024491981,1.01584420673899,1.22080392588028,0.4573393844445,1.85356210933286
0.685782133168837,2.93829325580199,1.08856842332716,1.34381050721222,1.65836443959665,0.498676579452977,3.03801273469759,3.30736285528993,1.16755896992822,2.39019015905244
1.33492062077604,1.71791530614968,0.614195103439168,0.856267865650584,-0.479596848064169,1.00685280056233,1.90483464430823,1.97759141371751,1.61633936715569,0.592038954602917
-1.19086163121579,0.851558344988504,1.0399346450276,0.130851991599975,1.97883681980033,1.28969396077029,-0.769202702743576,2.61296470248026,0.326880343903205,0.222773392251651
1.59181054602236,1.37467649458888,1.67602896398499,2.49989028197149,3.27045993423326,2.74086406836271,2.19285041458685,0.493282589940306,0.903771920190819,2.71566490761167
2.85661496298842,2.19577909987688,3.23470983882721,0.437239179698301,2.43449491150559,1.1972030285325,1.5054845562751,2.2396327175854,1.46029064091435,1.87895245423472
1.59662419538067,2.61550197937764,3.07247186638188,2.89572098881233,4.61032010481718,1.58279096784631,0.602964069560424,3.56496848519426,1.49995803772276,5.37426288914947
0.7157194661301,0.29328576048269,1.16010236206053,-0.577989435519148,-0.794578689992196,2.1836181133451,0.938037070895204,1.03375453807303,0.438779104474722,3.70050601401884
0.761397889732066,1.47489909287738,0.941950050792232,1.90683476250972,2.27146209155022,2.83908457693096,1.59857931571323,1.53073717191936,1.87741873473308,1.57771736725108
4.61695018469436,1.91229133365937,2.02478639232292,4.06039683489032,3.16338777476482,1.58454255507324,3.7283462073304,1.97778473429136,4.06132985272284,2.03901937904647
1.49992633359987,-0.844881234404014,0.356592218011915,0.630109888702281,0.435180743035879,2.29584510909369,0.859695669523739,2.65789483999614,-0.494792312918743,1.0421903320693
0.481566174612825,0.55180538060437,2.15818683271063,0.511398578080293,1.25764537285001,0.244954467983122,0.514394500916884,-0.0113303966518175,2.53019763326835,-1.95825885178049
-0.843359523146651,1.63683784280016,0.878274993572173,0.208698580507432,1.69913890056139,0.0601955864767537,1.62135694792084,-0.678207340744452,1.73937917940125,3.28314266389732
2.23982122177182,0.69286512292091,-0.527997503801364,2.17140371636835,4.16016317396341,3.27753388410851,1.36598337419943,2.75334941818796,3.60259182204718,2.14940727889018
2.24014014636908,1.94054382151909,1.28920362457657,2.44143384859384,0.183251936769688,3.02241056521358,-0.00818718200638013,1.69323309375225,0.804203999026902,2.95391023011294
-0.145910988769987,0.276699850954014,-1.00925590167187,0.943553185765343,-1.54688475319848,1.36542806584688,0.13377015714379,0.555032539333126,1.5705765894606,-0.943309277916079
1.34352647545508,1.35829917726211,0.32050290731527,2.66043115215116,1.4396096605673,2.850694494433,2.48297603617063,2.38375839625236,1.965654854456,2.2780103782783
0.769892389221934,2.05133380188569,1.24880432289646,2.38565197581428,0.540484276096096,0.866656244156786,2.05956632474919,2.32812080437741,3.2003540723082,2.50698904590302
-1.24098004506072,-1.36985107214659,0.330135482196384,1.13459172868298,-0.109139429329448,-1.71658249221777,-0.267277083720258,-2.09512626673359,-1.32843923856125,1.12165077111746
0.702413670112748,1.39993001910708,1.13213665541071,1.61338224364611,1.67154020252733,0.278193271167923,-0.00682405530455155,-0.46873515070507,0.659147092212379,1.90158563439143
1.59586434589047,2.5298402173351,2.9855891826217,1.72816827817363,2.02909058139213,1.82472233940367,1.43308399830054,3.19134922958888,2.16342669297597,2.73153309782632
-0.812390621439382,1.34828683424769,2.31748366860412,-0.216772077453086,1.5678226963995,3.18799811974504,1.1602291937946,1.03071519496933,0.27375838482994,1.62840459011346
0.700708007151375,-0.0180293117905008,2.381367153756,-0.568305590953189,-0.905374311504462,2.09687192021372,-0.597080707002391,0.643044925896242,0.847010726806467,2.80030010045427
-1.15337887130359,-1.31925600870332,2.07658679161145,0.203997599339955,0.248348121236019,0.745450098495383,-0.229922250533233,0.28279305301991,-0.636897230237826,0.766127623280733
0.415335918444273,0.551643921908492,1.32117952780294,2.94238631287354,1.62986214340708,2.74734861781628,3.48452203660246,0.786943862823041,1.95394214829711,2.2832181837546
-0.202716138404663,1.00738796053857,0.663648748873129,3.2198291197825,0.352976987807261,0.463694061701194,2.73536813459935,0.128496185670556,0.771535037181704,0.537537550431075
-1.69459936967476,-0.0139889023423507,0.663398653431839,1.27346932192757,2.66952685327287,-0.76241390088113,1.15069578486832,1.93287226528029,0.405960449815927,0.00831977748312773
-0.0596254764463302,0.39044099821521,1.17551367070563,1.96114625853549,0.16967067865546,2.17276213522585,1.15565656566851,0.979951055659796,0.644160369504898,1.41751425897098
1.1871280801296,0.253449110107835,-0.78475786336826,1.34748235356229,1.61242169143932,-0.103390301617807,-0.570543213137694,1.32999221934169,-0.00661999248840028,-0.935621902110279
1.90388351905483,1.5368519246991,3.426793022799,2.80408513761025,1.94696343292817,2.71741276175291,2.56428988401409,2.53572350298869,2.1925216209836,1.22456895075571
0.670980612373129,2.48392016033773,1.99878958063462,0.612798694650039,2.41688409004867,0.49073423617459,2.65762478581476,2.42159797538693,1.18375638484465,2.70419837504745
3.2603755345802,2.71789717715528,3.01624696638967,3.88711563151562,3.32082963732361,2.38439880095949,1.85782445894105,3.03148704551636,3.12731744100472,2.6507103939951
0.217429241061229,2.30137746541543,1.05111314646368,1.05283810234773,0.557864688245185,0.338848616081824,0.0454258826653049,1.24454193307319,0.574010427100054,2.3354014381227
3.00274937512792,-0.305733543042121,0.318458279522011,0.44751732001715,1.20584525731178,0.526374262782114,2.65327922666371,2.05353129384777,1.15877800650062,1.9463809419949
5.51004632122699,4.04689991848563,3.18752491669921,3.00450903928301,0.710194933194445,2.37895411496286,1.73311672100218,2.53840413190034,3.45563890037513,3.48513186419706
2.59868590810293,3.59211260913439,1.95153082730971,2.11948633426099,2.158830227138,1.1894644000044,0.817395562770221,0.97344644355542,3.12882806046889,2.01803126626126
1.12908975942516,1.10091422044805,0.373405512112194,2.10207479793374,2.44101013047306,1.85776914935378,2.30184270708272,1.41865061301984,1.61483793895066,2.8923914211013
-0.593122825463387,0.178449307461018,-1.03014564064923,-0.273423817606111,-0.174236675621738,-0.63281867732356,-0.506930823559255,-0.521653014434155,-1.8008956903228,1.15341768370707
1.60776852536552,1.47124882023388,1.2860937775983,1.12523774864315,3.43396112759076,1.35019557044463,1.08018104454084,3.53383725791579,2.72698665503711,3.0293767730949
-1.12665433459827,0.642453682001807,-1.77051789769021,1.66341773757651,-0.626842865451856,0.849799485464485,-1.67182936252698,0.792607126036113,-0.200807744178721,0.0116823825384661
2.46458934766354,1.01832210274652,1.87592810035679,1.02521562592847,-0.659077482391124,2.77776889680463,1.58511936134147,-0.158592835636671,4.33418350580602,1.10546682157395
2.57004390456608,4.57138273876155,1.7982157348325,1.96944073894916,4.97772966738533,4.60103617103213,3.87457749193499,4.00514764462133,2.24417013133978,4.71897118671101
-0.0413742576564786,2.26018534573537,1.73447477386782,1.9373943112307,1.76643778790956,2.17567005136518,3.85435900203333,3.8756052477686,2.933009826935,2.35835715514261
1.43735408876276,-0.0185498002962489,1.09199245461025,-0.327562956932856,0.881842529239615,1.30064650994305,0.61563631277537,-0.458276666430927,0.199797322013548,2.02864982707565
2.70716135457549,3.05750248454301,1.44219550984409,4.96073401924447,3.3393052238561,3.83297431555775,1.99273043592405,0.548253814346631,1.30393109245006,2.79792445046658
0.688357905573993,2.42951434301821,1.43739387982766,2.66602718446167,0.510848499429687,2.14404543666329,0.919837372540987,0.855870331345853,1.29800615849281,0.71190163499305
2.71008316729411,0.0848694377642025,3.85557325002125,0.401433769483663,2.7568445488503,1.88305261141564,2.81028306202917,2.20506031879719,-0.40280265221036,2.12207582882344
1.84328153474452,2.56203493260731,2.62249170666724,1.80886411718274,2.46530399107113,1.06195135693859,0.583868115656571,1.79335062783086,2.03002625596081,0.800352100696631
2.78763830397062,0.686424901317804,0.20257740852887,0.639585766611079,1.67211289629729,1.13460753613466,0.0191178652980971,-0.099186266850084,1.13481541931359,0.905443347706371
2.58245544644052,0.97866195122436,0.838361910123754,3.01427878814296,1.58328077655657,1.85057464175641,2.29359206716179,2.05588508807349,2.35516225538973,0.194927451853046
3.36517526782665,2.71099612631456,3.59150957251174,3.67968880437565,2.93393778961621,2.8927609011647,3.99817572131526,3.88618740226485,3.94029139825411,3.50930052201736
0.33564890675464,1.33074043557263,2.85509104685199,-0.617374108494953,0.678423667636142,2.81989624097109,2.14890657730617,0.580769474316248,1.65190073409803,1.86140541553586
2.41030004422401,5.31060858661517,3.00104020221016,2.90576727212656,3.81742359184344,5.4478023057567,4.14368879061804,3.14030617041511,4.89256321830498,1.98668162796359
3.89149279733523,2.28782844086299,1.68879093226696,3.242388973731,2.0520328457474,4.04873605925194,2.76754870990055,2.78842748404123,2.07895704033158,0.388677885697702
-0.0538495221742834,1.59511555620755,1.74709006883605,2.56269684488902,-0.105364625962227,0.757772618643063,-0.510641009432455,2.62786244073962,2.37763488158551,0.806298107237854
1.48418860727512,0.924192574871968,0.485325342043437,1.08832575109389,2.5263006961515,0.726789499559493,0.523367962926038,0.868455935975656,2.58060443267683,0.494936989770643
1.90412499488277,1.4552114851001,0.414867284634067,-0.764809636206355,0.603573580265255,1.80651883928708,1.08936067106365,0.486461169824244,0.941795225400737,0.0464935046085293
2.5989101042148,-0.0977036015790644,-0.399787683715847,2.08232960740352,0.832987269342572,0.981535939904553,-0.877618394341459,1.09204616544648,0.553378213398131,0.340985490612032
2.35432320440721,1.55865413237862,2.08851246280146,2.60015723075047,1.92876408090741,1.6514009346114,2.83382513335316,1.00064113112539,0.439675960958568,1.61549965971944
4.63341219102419,1.59549347244262,2.56375878111147,4.55967738004995,2.17471593220831,2.52550993599074,4.49761478307263,4.36081093984851,3.1852535942714,0.781172507904738
-0.041992535622283,2.12155461245366,0.249365149164903,2.16486952578158,1.30651024107549,-0.49352797568658,0.95966477621159,1.28452300055631,1.1464811681236,2.44052299195012
2.47195147349718,0.957992113407038,3.6012255703463,1.95305692031282,2.78510363921821,1.63459887061381,2.69720634626119,2.34575830767186,1.0097042248621,1.82516470456193
0.886943558774076,2.75499765836058,0.170412821491665,-0.011646248623179,1.57992099528452,-0.318069136480831,1.36823147321099,2.23865908275778,2.47127202576309,3.43553505828331
3.45778015496506,2.16703932790999,3.05170181516542,2.83333192239792,2.013872274191,0.914955313847277,4.14433747572543,4.71929436474711,2.70592265508559,1.93899806445376
2.06273910792192,1.55628873519674,1.0985088802412,2.67230199101019,2.08462057874677,0.607309046148815,1.6520049051063,2.22417861190144,1.36974055414876,1.72810182080202
2.23875216817964,-0.033758157579912,1.74773410831668,1.73754743330407,0.566490942519086,2.39055285430006,0.478578599862475,0.886616564803176,-0.0299762095975278,2.33438448931233
-0.708089330643184,1.5890765916579,0.127697861855562,0.0431681918990237,0.501712601182268,-0.918580665064918,0.581705763655596,-0.278949064366853,0.724755399785223,1.65733435901729
1.50819317964427,2.0378314087464,1.08174438966688,0.238986470267534,1.54782033625854,3.20894909131085,1.91227962430257,1.49296532050051,2.86560086514953,3.40138132543436
1.60479659648296,-0.141758607230658,0.536272817838733,1.89572950449066,2.56491767879248,2.64695792543704,2.90934603704219,1.0841626143807,-0.0409329641402236,2.14801342010125
1.96377358947658,0.579644649283618,1.57171005993344,0.663815096838027,1.33922994096388,3.59356695421475,1.04977163100203,2.25708876669693,3.2456457551908,1.850095586118
0.584391938583195,0.33872374096462,2.05125669478168,1.55874009575863,1.0263250923656,1.80589659197099,-0.578977982484032,-0.683989650343553,0.8782776174556,2.45080801317578
0.82413919977339,2.327519481222,2.26612877065063,2.54760161094702,3.16123139207734,1.81544983352072,1.8985841880374,2.45570967286434,1.08326412804803,0.72788722920451
1.10627530584757,1.77600740933327,2.31993977436373,1.70286810801292,1.7337594046237,2.27142972659423,2.15535046871328,2.34126050743372,1.35548177756577,0.715047644322747
1.19295651169011,1.10004450100058,2.79732721140711,2.65068291596622,0.154720736044777,0.754893842835872,1.75440740630629,-0.635521065977307,0.0491705144661525,1.0967530911792
2.1335107374508,1.32323509195432,1.33094960892107,2.08098471243133,2.60215406787322,4.00486516122654,1.34145130678479,0.540400586431781,0.836256117011166,0.390790701319497
1.26051312573767,2.57919493179215,2.60920773708374,1.85473301253838,2.25916396581846,2.0004347315515,1.31195028790066,0.92016123460993,2.33879193175133,1.69562805940012
-1.04782113630308,0.595379884797895,0.8440068393447,1.35341030894793,0.98904162710142,-0.532146527994777,0.231925770467223,0.00636099322341094,0.842168466639945,-0.253480229909427
4.54965300878173,3.21478391001176,1.93437666118312,2.07041117871609,1.70036532852734,4.09095397969295,2.53974522747489,5.39764142658924,5.34982441082145,4.10712995419038
2.59999907622502,2.2385280711269,1.43381659692915,0.15933432020315,1.69436251161263,3.16412639398683,1.30884716840055,1.30837267504172,1.69468057145967,2.77199939973735
0.942143079960946,1.08008422077134,-0.239168637830103,0.231223829593171,-1.00956116805285,-2.09590765498694,-0.269455083774846,-0.550972347278615,-2.32979264052323,0.502919758480365
2.02217186143253,1.64754535415844,0.351670552526909,0.371271916565844,0.657789762161987,2.04901960518708,0.577183899970333,2.67828783016533,0.913971664531811,1.26148117810569
1.02510586157364,1.45038698241296,-0.202294455685584,2.41517008463605,2.88585645067522,3.40054406015723,-0.685813175301923,-0.579442100749472,2.6692222348833,1.72883688833732
-1.43533083994905,0.582961192400049,-0.452048703861527,0.951441387743054,0.229898592684103,-0.620977628171646,0.208023843419179,-0.616582009546243,1.36155111499349,1.16170097476456
3.01538321505271,2.32045820709698,2.64751288544712,0.355693569099434,2.54009524784893,2.18744814035964,1.9526921491174,4.16012039946679,0.789423064889454,2.73414849471418
3.38935207932747,1.82300678352386,2.3721313098769,2.61780605262006,4.47678998793986,4.69629382576585,2.92573002134155,2.21943706764727,4.25187722248923,3.6688997989988
1.73900911487573,1.51551012413665,1.8177890308824,0.16823207593985,2.29210515993441,2.14563624352194,2.30061535147628,2.30532406952021,2.68400539588451,0.557432918276442
1.66413801993647,2.48552209459798,1.37511392477636,1.4525813672176,4.1556269082389,3.03470807327881,3.43150537573672,1.49563612663334,0.0634730084132982,-0.688605155551268
3.94123245786184,0.977823217822211,1.21685149493958,2.41024341659373,1.52069375509715,2.76354784167766,1.59345654432479,0.742031226317788,4.21406569123785,1.80972815238358
2.08409693171276,3.04580753173025,2.14311209011359,1.75629511705663,2.68494757991938,3.70910437039644,2.49888097934873,1.83776965809981,2.62614360756486,2.35660222389274
4.03156167395614,1.77779644678564,0.88715258387399,1.72022697774418,3.11749457013943,0.674126273425728,2.421377395471,2.47605924996698,3.25275912941199,1.36359686988263
2.69448780383283,2.61537578198925,1.9475378375825,5.06904931685495,2.83778538871385,2.4159554309617,3.54672998035126,3.09155849949868,3.63854013693681,4.29243551919189
0.390933346681665,0.164003108421366,-0.440157514877786,-0.884499823097716,2.18118857842451,0.782273339934558,1.74880975096143,-0.557427636087112,0.394013575241095,0.765922836074697
2.72599704757005,4.19004827366879,3.75708525202827,3.16578557328181,3.74683725779663,2.09909583062075,2.83252915226631,3.76423273317448,3.03579309919597,2.21831116411787
1.99621707491735,2.42197433168448,2.85789902810733,0.883972636667512,0.389407539541834,2.24537505345419,3.11234924512048,1.96300100801292,1.78953898542087,1.91394895778386
1.84430830829875,1.48146159765727,1.12223524941133,1.88412728503112,2.50263381527505,2.18088870172714,2.44079195732598,2.65974076959997,1.0910736461991,3.07152224844603
0.264473412438331,2.73738629775902,0.0268537530780467,1.54480266537602,0.582189446122661,0.306484161710748,1.025735687528,1.44742246445215,1.48871307892681,1.84975430847518
1.0271852688513,1.81998993803114,2.90401018973567,-0.306297904262161,2.82117500955832,1.87558293784837,2.61740404623556,1.42909754464171,1.78832389417235,2.18864762728232
-0.275707656266248,1.00006161930466,1.72356075758987,2.1663784536673,-0.143477749157573,1.17848904761782,0.852394022128265,0.676841575451251,1.38773540080186,0.921245676778438
2.9679926388014,2.99598489544871,1.55379041663068,3.15889182943537,0.81096057407606,3.53618490930846,2.04618749287702,1.6975104620242,2.00232881804793,0.211497942895031
0.256952920153188,2.70529734120376,1.39080231378705,2.07499529980178,0.572149677989791,1.8457757479238,0.247104499612588,2.57731570705936,-0.836132395078444,-0.236005172973943
2.86029560417201,2.90554455703745,4.08866571678795,3.01928827061383,2.92317368054075,3.80419744571328,3.74170096420899,4.86648428337486,1.71516418126806,2.62761460037546
-0.0495136555738545,0.952869679753341,0.129301642583044,0.556415892367378,2.69607343948941,-0.0320235585601087,0.184377881581026,0.195042598300129,0.326013288190552,-1.31747179110234
1.59491732321856,1.9654489178615,1.44187980416552,4.83394024500753,2.90502955974695,2.347633783825,2.67179853547719,1.29667533076161,1.80469439748079,3.37431215832833
0.729572820297366,1.28449459796645,2.8940361878679,2.60615334012318,-0.0510199327689338,3.20085937870888,3.34987495567516,2.49009548707389,0.997801380171525,1.80251586793652
0.0191605150470194,2.31684163709508,0.717852943832527,0.366276047497039,1.36576274691533,1.02449775129342,0.154635326386347,1.01845984567236,-0.661596180951502,1.62739474431035
3.48959697036317,3.63792478811007,2.70778058453798,3.33406162074983,2.5287233281363,2.88191582324905,3.15906454830129,2.70339093540936,3.03434206448706,3.40654211090828
2.02529975508282,2.56559461423883,1.23675968894657,2.76376784029481,0.419098704696248,0.843537793772697,1.49902591183969,1.13128538083626,0.337339614365959,1.76094071757279
1.02962795282804,1.98033138332339,1.40063331256537,1.74864387705363,2.32826514000695,1.54097425386063,3.37482522140169,1.40834199671443,2.32489544744145,2.32623563575698
0.628436516843739,-0.26717702068325,0.567127445625381,-1.15615762634328,0.0218058255347093,-0.0801621224327859,1.23134302941845,3.05061522314784,-0.741124973965147,1.07121314621473
0.746645394422649,1.7616551474873,2.9483254167883,-0.443370411374916,3.22474674499419,1.92185068308034,2.0574006554144,1.81024645292975,2.82798438956915,1.01232458717098
1.36370886808582,1.55428929624837,0.75525197327094,-1.62243485098362,0.527183836981847,0.72296005372234,0.79771947674664,-1.31156274763164,-1.2811245086438,-1.2287739847191
0.982401490373992,0.743713728024357,-0.215727148487455,0.25353515196837,1.06734668031636,1.28495876695558,-0.0397061883329137,0.590015851331032,1.82335583737902,1.70462130030886
2.82619961181047,3.21649458844589,4.22019693409555,3.36034496637445,3.80834357236175,3.35629173841461,0.459558595516181,0.896040429409767,2.98185760283458,3.51988293395825
0.645358191843434,2.11916763766244,2.65624398870676,2.83366935359439,3.68908165738103,2.60532403842697,0.87754519105304,3.57490008495584,2.43344648734498,0.618672545220142
1.74756806268566,1.40593752489283,2.64876430494236,0.428866106638335,1.11253325879058,2.7678770999291,0.507186772390146,1.99220128358392,-1.51002665431127,2.56420907557617
2.82622682067183,4.86640485528696,2.15772204064424,3.29577414467563,1.57959377071142,3.2503315475559,4.30757764265208,2.21731375839345,2.77496706497501,3.40619247443291
4.52558001467497,4.43850361944603,4.77260152966204,4.34456573237673,2.74890994731897,3.1761959752433,2.49817449075776,3.92400372372444,4.09729428641678,4.30761278378444
-0.0984865351683972,2.92159068218586,0.606986181371609,0.170371363393045,0.826069536385654,3.04017897320508,1.3792355460408,1.96442162608621,0.9008494616879,2.00899944040126
0.775858283354605,0.814926132097208,1.22469858056551,0.857268813947266,2.82165913064375,0.559533557976793,-0.232802873095704,0.404548627362293,1.69766107518275,0.765102684544414
-0.0685009179003808,0.795596666934886,-0.538152147949712,-0.963167356720463,-0.632003126412635,1.07837315848159,-0.688654581327936,-0.778593096752366,1.46564873458414,-1.01354393720199
2.22565666003943,0.115840955174583,0.234396867146224,0.718983157800584,2.71085894663043,2.42876246342411,-0.273666383382337,1.16261184406008,2.12883506518096,0.703366237231431
2.17844386418444,0.893345734473128,1.31751583691048,2.28668654017782,-0.374084747395029,1.41704304107094,0.850565494554953,1.41485158907963,1.17042658229697,1.08882092508793
1.9522360474789,-1.1183405512056,1.35237321819369,2.52874611014438,1.38758583049919,2.14296358180159,0.281345138454965,2.37348616698895,2.01200631432783,1.20879805695315
4.09987281425147,1.49442807389907,2.66394927168246,1.62826043474903,-0.342445885500571,2.66380291606467,2.24718964985904,0.668311746814437,1.25828949384354,1.27772970957808
0.452221882731641,1.89382357014448,-0.387456808676226,0.668595857048009,-1.20225402805963,0.940849407859825,2.34760860891622,0.172347341655066,-0.0761283538336535,0.16128813076711
-1.19921263097139,2.01066239119682,1.51293984918706,0.0608761810343585,1.32908496304894,1.48231836685162,-0.212894280262724,1.35073546046931,1.24043633562147,1.27010235861458
1.86111343791563,0.244034373706674,2.13298027135656,-0.0413993736872231,2.5931489860409,1.47022370020637,0.112950089103457,0.121507736116803,1.53128834175992,1.46410688854045
2.80005893019382,0.883398250570962,3.17486955756536,1.74987845974451,1.99101580922041,3.3892650896691,2.85738757807095,0.992748254857583,1.89710028692482,2.36909112954597
-0.762541909488166,0.41897356055331,0.600354845526809,1.768140249038,0.149184393257966,2.42588216885726,0.898529794589601,0.30879931547776,1.10150832675045,-0.282413097117626
1.18896854855579,2.12110895514954,1.49483122753536,0.883147160185622,-0.652983565718959,0.454178466103683,2.22221199018768,-0.579562526097913,0.926427444718865,-0.849042059452445
-0.34620292782355,0.35474714705732,1.22119370688869,0.510046890149652,0.85130263677174,0.0767412535125668,2.63208041984191,0.458498707623871,-0.770081469095749,0.349711969586519
2.14858939060057,0.44664804558263,0.295427010461989,1.48759569465926,-0.0113614468017227,0.966138606420363,1.50632876826082,-1.65285252970056,0.166025258786568,4.09820977155645
1.22223917364821,3.49208544426238,1.52140622767991,1.97345285891948,2.07116412352227,1.99070244036238,1.34619613012776,2.17556378895252,1.75832290708148,3.45322548864844
3.33684990198305,1.3804746713478,-0.0792028541410827,2.10592961545887,2.70803259898163,1.49387942477761,2.7454588359732,0.59593974870712,1.9255640446581,-0.148639680062134
1.60788970326544,0.308137232707745,1.82855694607868,2.08628695668244,2.14028500260401,2.29060123138217,0.653623734551076,2.7490978802241,1.90707461854841,-0.106581301925789
0.590877179503873,0.194479067572585,-0.340446382722808,0.794601127260181,0.317051978592624,1.46264122595569,1.02162151110158,1.05673804708919,1.14498936828318,1.16948280184439
0.285988179108944,-0.591366050922296,0.0666714508606525,1.4025585355744,0.688356749278516,-0.0501524585386793,1.20158424389005,-0.992512224780964,1.84592607140613,-1.08059975497928
2.85282792074512,2.24257008557482,1.41382531853343,1.75824259322182,1.42352208794523,2.80668094515245,2.34884596785911,1.94301994435548,2.76681662166816,2.88869689732452
1.766600904653,2.33977290510024,0.946891399759722,3.8130015764469,1.08744206607134,0.865637184867363,2.28669749705426,2.14209641551999,1.86343658291231,2.24057319835227
0.189994745446064,2.29853798598089,2.85230007675404,3.13098239725928,3.62870200896014,2.06770705126848,2.51287341810254,4.08888342946562,2.85127630240828,2.88694464246725
0.822473567144388,4.09358472474794,1.66734204426641,3.94228462903533,0.510555120028002,1.64083243495989,2.34503410759094,1.83809640450285,-0.161217484935101,2.08031287392304
2.75639653452814,2.25020866504503,2.87013491079685,2.90752697954491,3.08279156792344,2.52055265491577,2.46773912133449,2.23771912070112,1.14795228334003,1.77592764576686
2.29328230297261,1.67181404801326,2.1172678554354,3.14374252856032,1.40572290348688,3.17863716569765,2.78154811594169,2.17710695191692,1.44287124421987,1.45280304767044
1.53503179627541,0.0668389308771291,0.553937786615706,-0.376225623018452,1.01070885398214,0.58269780388582,0.856960000427596,1.80919972465305,-1.35484597825044,-1.52706997328217
0.954796516315184,2.88210904267079,-0.128437304298734,0.451464648927741,0.680761226531732,-0.744378389774845,0.398642601055348,0.4274853830497,1.63930127451332,1.50620059826975
0.680865001768726,2.16155207545546,1.69219890050513,3.1519540977019,2.23270550152706,0.82145009278479,-1.23154625966496,0.81549440767602,0.100086187231119,1.17212240667708
2.28902153262072,2.18460924358397,2.31447012392773,2.16257958209825,3.5516988936376,2.9611301629786,1.12819001233428,1.90869737879454,2.23143767086047,3.17810972724138
3.0782047522123,3.94562693930214,4.63816442881858,2.23423425542344,2.98018753249759,1.87513259020314,3.81844412491597,3.1801014947548,2.77715838951616,3.52422017405806
3.10498737363778,2.59615236353594,4.40228376361686,4.13312605403353,3.84363395187951,1.2321442992972,2.0047247152441,3.07200608244962,1.79829342350924,3.56485434417389
-0.715660306108538,-0.270682060410928,-0.793803515013589,-0.962663400342361,0.897805539786257,0.19496044758726,-0.161416920692837,-1.16861392434139,0.284298026556219,-1.44805592844567
2.6337680165143,1.78665121683347,1.84857772177236,3.36539420125469,1.49407681194023,1.94059122473798,1.02912778698201,1.38114544568766,1.13537238661194,0.78689929417515
3.90366102689551,2.78099516182609,2.67374750066443,2.37773648422469,4.05252665477856,3.78808720169061,2.42885760149449,4.19180850782755,5.04407022552399,2.4822949334301
1.63091763389894,1.41505090295731,1.79993396831815,1.22160735854994,1.86512591664384,-1.25885685020063,0.89002309451421,1.15064564393639,1.42253767628451,0.432877579553363
2.78828853674223,4.12390217761652,3.49490001699867,3.59380726754538,1.25888609860964,1.891385789081,0.852796865060526,2.92358308039841,1.57049024820635,1.80332250262676
2.44641754600754,1.49346571443812,-0.130287447212016,1.17669500493807,2.2151626395521,0.753851704675652,4.16349965263363,1.23453801761295,3.4514152924971,1.59731964727774
0.787760477971764,0.396043482732945,1.50257157787654,1.15467861997386,0.436880284725598,-0.260006276873836,1.41488558970735,1.59524195772026,0.877002187307556,2.71115910185429
-0.920011338241789,0.9971642240667,-0.488623049284384,0.293262174993162,1.50324744051911,0.934785928914916,0.4994002465397,-0.189698661480969,-1.03261766144757,-1.47148393895467
0.786891031489773,0.44651061618591,-0.294257821490338,-2.04299186481253,1.4264692234895,-0.116875435594421,1.2255012660932,2.79768131061135,0.558936527712875,0.00725363156302561
3.1038876757343,2.08647451851036,3.95804996037874,3.10705172735295,4.88134880161121,3.74582969304854,2.54331605059882,3.54619282382687,2.15141629981273,4.34550958983254
1.82869625416252,1.13204184199607,0.526687457512696,-0.835133483099256,1.41591650206003,0.871275275214411,1.36146063793876,2.5523931393817,1.92410127181516,3.44624868451013
0.330099212146812,-0.239054441099412,-0.0984740043622316,1.15633324688743,1.75619900735418,-0.161923470240713,1.41952379064158,1.54959621508229,1.45653847501874,-0.557074416477301
1.23836650180637,2.97479123094043,3.80015717743511,1.48796781194636,1.92876703274742,1.00389201713493,2.36848400574637,3.3800230740985,3.0836105925125,1.38812903761406
2.62396612179712,1.10368023686802,2.16315719975574,1.93446648531438,1.75458609081792,2.66733575893526,2.17527672204743,3.22961801746653,0.672653386316045,2.27719407539239
0.845281288239315,1.24658590487841,1.78964656029726,2.56645325061268,1.82859804865386,1.04644757285672,-0.112246857739332,2.09852268699445,-0.0119784420114231,3.38993131768762
1.91271181369251,3.86827872966012,2.87560078060003,2.98777396157238,3.18941130042714,1.87784183521264,2.31675913491898,2.67881816569077,1.60904521944906,2.21876046279245
-0.90164329848532,-0.541343861188558,1.27610910314104,-0.894973258856558,1.06844810761386,2.72485024149822,0.477252141333825,-0.901727387866718,1.40011398416437,1.39055884371596
2.13720727184502,3.68765280560469,2.48002805231542,1.33463538214996,3.39206401270796,1.85300501808374,1.88564062512865,1.0020107652547,1.01302917923512,2.45044510857297
-1.11574767608558,0.743658975271348,1.38470805194682,0.0788711877120872,2.1305554100173,2.36170566437803,1.51156097242582,2.4952027632246,1.1984647348653,0.363708717709967
-0.270761785652006,2.20519903343491,-0.427921318557053,0.727622974269684,0.318873596235421,0.538979311943713,0.210524178950554,1.83271800232986,0.757746460256828,1.32513067058178
2.22040103949666,2.16806025501613,2.27013807569438,2.25813506325244,3.23074575125165,2.65242449804637,1.5420732855491,0.862631493252758,1.03546844824106,1.69840137292699
-0.743070977028411,2.24935851975888,2.1959092732503,1.60509402004164,1.2852049112781,0.392295470454771,0.640766437674852,1.74869135533548,0.88329444702371,0.0398764589829692
1.22610777745492,3.11297739420979,1.65969293123112,0.0981268221624505,0.850653497053042,1.82187721145742,1.17353690706942,1.35410458471321,2.52936252157688,2.88127569299
2.6298521904635,1.59548554172168,2.5092204113458,1.47543572077342,1.31686872765136,2.9668769205633,1.22030516883869,0.675449709937516,2.2208047049498,1.43138299285956
0.935923559532435,-0.931283489774256,1.47979817037788,2.6453727844597,0.429089161025589,-0.201905373649,0.615336646821326,0.525596005278966,2.50421500665384,0.355542600842269
1.902901988022,1.85568012003639,0.991147809211316,2.42623028984177,2.01066144893862,1.01406428249097,3.51772333076534,3.26326440319565,1.09198528007461,1.25270702572208
1.53201407836334,1.20990164021623,3.66750828083522,1.7737984092166,4.29813294845242,0.315129715429084,1.14641186746126,2.18255439303425,3.16714755332547,1.57857300691295
1.06500118389024,1.49180831884355,1.47673691307257,0.245473671230721,1.42960652010014,-0.186229352184925,1.02017668720921,0.683996844450419,2.01676653550921,1.22622653575436
-2.24875736782943,0.0124125874270402,3.98248294189896,0.468209408551245,2.44689700035767,1.34259838225663,1.27724406033803,2.25189399652305,-0.192268554564415,-0.0631028836341612
3.79118745295043,1.57290583436946,3.44742298561503,3.20950120546982,3.69276198411839,2.6197079889108,2.33227393727234,4.42425713102848,3.11356797680412,3.80642660442116
1.71397164342263,2.22328866432914,-0.979086344675485,1.15082217036985,-0.39586005319002,1.45501228765181,2.40209759071099,1.99186461925397,0.638206942259664,0.987660359726064
2.0367380592934,2.3156615976606,3.4942676275175,2.90595791334932,4.15177359930347,3.33306624705975,2.97546643201085,4.19407707356447,3.93795312552481,3.5720984907345
0.606079954592281,2.56562370051927,-0.968511666382756,1.23729645581234,3.18850341594133,1.21463414323522,1.40107883947146,0.75363321827955,0.548814155576233,0.411738656742992
0.730718630292252,2.03331428870914,0.345112578857143,0.462801740867926,0.522040368553894,2.39446288213368,1.25700920555094,1.82901883652508,0.363881736380402,-0.524261612387738
0.223372821755521,1.62274255116833,0.774648874662676,-0.535469954252497,-0.332701697403909,-0.016948792467308,1.67591712444692,-0.431542850511549,-1.48995677747228,1.6677431609004
-0.820216532759021,1.06646241445644,0.158677127986087,1.68205074621112,1.92982300168529,2.39364653703828,-0.79112444580078,-1.22101906461315,2.2483912254913,-0.906626004955215
0.691042928851288,1.42944831021156,0.13591560620623,1.85159173848255,0.684046710242758,1.04961807476884,1.10374570975306,2.10518226893512,-0.102153636749834,0.642025712448101
3.50104862102642,3.52687991784255,2.06318164620381,3.57608480757767,2.75620088676561,2.16948791633335,3.91402363073748,1.45080483476961,3.1493423097782,1.46907765577094
1.48363166747269,3.07148963997915,2.33791393648361,2.75564563273121,0.691708180050046,1.13097997304077,1.06644348953019,2.95795292981456,1.19696460251753,2.76274370661479
2.13337464765969,1.15385387301679,4.54611323235523,2.12415689510662,1.72685197643019,3.01090420032496,2.75120986917149,1.37157775398884,1.39821114676081,2.3872113470483
2.99272318746607,2.13461363259131,1.19541277695072,2.19038801624261,0.376678232771134,0.282885487707937,0.765812958439358,2.45820954364633,2.70874976157319,1.65597106947013
1.51763794824074,0.267030030444429,2.50878835988888,0.376816848781609,3.11102300181606,0.221356382449609,1.3897912230522,1.21694012932647,2.468018927099,1.16655489302958
0.178629407006105,-0.843479999158985,-1.07035444887266,3.11724227309352,2.00013849582191,-0.0921816561942121,1.56090022631901,0.221501707838457,1.35464014088947,0.838899965198374
1.9416326373225,2.81761424863832,2.89157814740516,1.31103316216398,2.24818638630645,2.26484443951425,-0.248613157943808,1.3231774214811,2.31522217851708,2.62532738844993
1.57902902869804,0.338762450841503,0.00051663863868856,1.99752847819572,1.95264505620616,0.177158866997899,0.725747720183186,1.56554658891484,2.47438880483485,1.09247625996727
1.94776897493412,0.953760609461242,0.783279141774561,2.34494786030084,3.48662473255664,2.51482022014912,-0.21948980356642,2.91465125020122,1.75117955494169,1.92667156292884
1.06620948883674,0.9389757301977,1.17125302755586,1.08785492661877,-0.656324945728882,-0.304452249105018,1.48398094901143,0.307206920393724,2.02138168704351,0.684235906259703
-0.0997722796369174,0.700666908832551,-1.02704575624502,-0.60247365359664,-0.575371264340542,-2.26516840558638,-0.138865494480375,0.313426427820192,0.886685206770171,-0.69511138543658
0.39687477535565,0.581944113234147,-0.058927576678784,-0.0497399002752361,0.981547033785084,1.3323738834443,1.9077246281928,1.99161361535802,0.515273373400924,0.716520785761649
1.37074710027877,2.49895867851702,1.30753554889316,1.04142372996149,1.59929709226871,2.15195091801602,3.19692368414432,1.4895290617711,0.53197451935979,2.01891362112969
0.624499337552796,-1.40490506026161,1.67722360434309,-1.52716760738929,1.08513235090501,-0.371357945472046,-0.477652058640097,-1.03999544749068,-0.799493548452686,-1.55994997331819
1.80411283084801,3.28859032726467,4.13519212799626,4.84753272325577,3.35822423801509,2.27684135825316,2.56389331959142,4.08144195663607,3.6018490285306,3.73739240210665
0.906087891598406,-0.116300950994174,-0.811465724256415,1.53541682268672,0.947197122458076,1.98411570694323,0.612041712437547,0.597075642564839,2.06491835328273,3.02858300904858
2.47774207714912,1.69363036902213,1.46235507412309,0.620053758177989,3.79931268947715,3.0150859742685,3.09235014168121,0.942998364077777,3.36414600715569,1.88962324431392
1.30347462719114,2.79664113919494,1.63086627468351,1.30528328552345,2.18223805574551,3.84684765010215,1.53320058957438,2.65020522052474,3.39643300946277,2.01463376628354
0.836923437712025,0.478483810360332,0.135377755726166,0.895397352845715,-0.0939668163238463,1.47852297489069,1.24768495708686,2.18508163896441,0.0664425219292815,1.34710956234747
2.3752957514841,0.67863337009739,-0.204237128419609,1.02727978353169,1.81096083252083,0.105871642134905,0.740542537613442,-0.120767052057791,1.19301624826705,0.4955434896689
0.737329830400238,1.28183778192741,0.716781713553384,1.24087727429477,1.67794231550305,0.815711362509969,1.12910770608469,1.97637612906482,0.751914307989219,0.0784594122020226
3.35998678549549,0.684908434967416,2.25868667204997,0.893963790596598,2.22482363543353,2.94333741270207,2.34247599862683,2.02560651986141,2.46686958296462,0.236713302737629
1.65796114574735,2.82112456033692,2.33248159142807,2.50539237515204,2.03054993352192,2.69624930401299,4.09435371751225,1.76367606137795,1.0014760155648,3.44291224005006
0.397410745809153,1.86752686897929,2.33875769610819,1.37133836267226,0.963637333487746,0.949794451739121,2.08878621969257,1.50905360722928,1.92192640791652,1.5795843168015
2.29758615392057,0.573233980253087,0.845970847272008,3.24438531799005,1.28230700585549,3.76902120700258,2.35423983428242,1.28738561401045,1.14410265573655,0.694211512892428
2.31184063649504,3.46365345741371,3.1302743962245,2.54656664712397,3.87857640791223,3.46328702269505,2.92463186338833,2.85549102193258,2.30270650158082,3.40946583670534
3.27361720894377,2.52580198736853,0.729259675684685,4.0942685700187,1.81154275191437,-0.14932540899963,1.91794333077942,1.69006532988352,2.49531300248477,3.3172552690543
1.64557373507373,0.0394657332969346,0.725366369177079,2.68523632481561,2.25901013794089,1.1476804448575,1.12915865476915,0.238913738541879,1.89562444450107,4.53049702759917
-0.597279774995448,1.53289477277887,1.82480485439561,1.00009195335481,1.49409931975038,0.068133755467417,2.11959421411948,-1.6886082209587,-1.24886314791324,0.919106155817452
1.40333845421957,1.74315343608022,4.50809527789356,2.92277887586526,1.88775134739849,1.0696121298654,1.61142574274233,2.45448527640732,1.71931366198697,3.12806311975712
3.06730971910015,1.31494682185617,-0.235072436899781,0.886571702607304,1.91136709713674,0.962477358384928,-1.21724953124564,0.486707633950326,1.22609262146038,2.07846037407213
1.13457130867487,1.15588492163607,0.831077604591824,-1.29465591931099,-0.395837801971926,-0.214975195520785,0.211752353457443,0.580046574694554,2.81436302003909,-0.141524672760155
1.169032254656,-0.45866300318322,2.11580939847696,0.929629207483108,0.636870963721012,0.855956788383016,-0.61923065647916,0.325475544055097,-0.41802028658192,2.98172901776215
2.77123570652424,1.31156833452341,3.586725092932,3.4430317847403,2.60133391514103,1.51209108702848,1.74369177519695,1.36185260496953,2.0693767213941,1.27303316542879
-0.0840953979038286,1.48824319454719,1.33824959390665,0.577875240031186,1.54106239609671,-0.0732394001631869,1.64793623362422,1.13850456738233,1.86371832295278,1.32918378442893
0.390642435049043,2.38844500412718,2.51067787822574,0.793385976875188,0.30224501473197,1.64874237633457,-1.28573684013651,3.34693785113197,2.54808705853735,0.751843964415759
0.20447624369208,2.10363095813287,0.231198310733024,1.65857173045028,0.789889304090249,1.70061541908567,0.912561964627155,2.71065767668167,2.42170474665359,0.33269747262173
-0.371705747730655,2.45856179214938,1.01402328513057,0.98266937453426,-0.653510481036665,0.838730789091351,0.154899353828442,1.80211483213823,1.2210045082618,0.417635277594938
2.08182326715478,2.20947860931598,4.21772312492399,2.72747306721393,3.03434818848378,2.48304921420098,2.6116600625999,4.69921437293041,5.04781025694826,3.77070357126943
-0.320799532685198,1.74496364161478,-0.044965503349288,-0.293651965158463,0.908355003488134,0.706192204323333,0.590773342250847,-1.43121271185298,0.679465975014341,0.543221703473543
0.983703241305468,1.30100337605,1.90752849774529,1.61934872626439,2.32751445878954,2.16393452475237,2.4840406719985,0.566645184239039,3.50335009867558,2.01424998277879
0.0875050377671027,1.75086653836697,0.377584598620067,0.657861173654817,1.40318504574828,-0.0505173209866936,3.03591223975248,-0.242155311899067,0.485477293140482,1.31930481985096
0.620901249295366,-0.142074457563112,0.17131614511912,0.890063054460488,1.63096780102649,1.58771923219663,-0.677180702213804,1.34260835323573,1.42325210629056,2.21618242809074
1.56762785003052,2.52067717504985,0.746781791654912,2.67278241278309,3.53363854723067,1.9622348140138,1.85394416063717,0.897246842337597,1.72541988360767,1.5542987731757
1.79764254774337,1.75096691302846,3.09865116883538,1.58169706585333,0.975357859682189,2.69284867862856,1.73723089161531,2.14538629211105,2.04934063616452,0.0655731935258392
0.980969033641967,0.0866187497630574,2.28128312792715,0.818243668811493,0.719791607814378,-0.445458455657281,1.92580020624473,1.29487581525223,2.14970732433389,1.20453690069098
2.4740850460182,0.742631387154998,1.08605872511087,0.704859276805677,1.26135795392026,0.264698547729188,1.44476445534313,1.8156265485023,-0.0519971650963931,1.34369689083328
3.31854323780947,2.5833545016634,1.16364442728982,2.55821666124851,4.50931776814907,2.15854332735916,2.7341780446294,2.32256009691861,2.81980335329561,4.2969110518299
2.61198627625695,0.40302737520519,0.980485595498556,1.03352110322976,1.01993339102549,1.77507707901362,1.1681827630445,2.55107711762552,0.200765510197758,0.621957456824076
0.771484882568508,-0.623969224701828,1.98403837958484,0.0880031748793699,1.2583751519493,1.50349056141912,0.453688765946767,1.46683012670436,0.184920030611921,0.402373063777564
2.77422939509819,3.00044065027864,2.39210503955755,2.39870566485024,2.5219024784985,3.2652271283813,2.9245781013283,1.92477132617706,1.75230514987899,2.13491684482316
0.316608427335078,-0.439145318885639,0.85843343842065,-2.33977833867535,2.41197153573169,-0.662405233262612,0.545177542486804,-0.272200327852137,0.325141253946918,-0.356454545973797
3.2062216366808,-0.648074010913139,0.109867184743655,2.42491844442033,0.653559310097489,1.51219661005007,2.65584376874523,0.280514508025888,0.184698103451915,1.96688171076291
1.48966641554549,0.832762962804378,-0.0909271665199747,-0.010652140751723,1.53434023867923,1.35033365263897,0.74085122799245,0.264492217234066,1.38462848667628,0.0484562618425517
1.83796196598576,2.96939091746466,3.44251842515491,3.06301766292637,3.79015188910556,3.35328926627359,2.49917415228601,4.10764900952026,4.81985149974229,3.88839119617001
1.48420255473958,2.29929349630855,0.614406325402832,1.31227326236788,1.16635683195415,1.96253712045798,-0.273763981086946,0.476712583925385,-0.214438662901079,-0.26455546090672
2.2089266725503,1.03555523055888,1.79595300836122,2.23136679050831,2.06188732914148,1.88689153988066,1.24443996801491,2.07834539747334,2.84331782975292,2.08209100963828
2.07547867215993,0.597456028272595,1.97447691122615,3.42925685038371,2.86920925995378,1.06408605329189,2.07453641079433,1.29610413589775,0.287086596626047,0.962512894720428
0.963010213122345,-0.694808261929813,-2.41406331532444,-1.25669588336098,0.612853278448906,-0.114565306948649,-2.62716117298425,1.83618360317017,-0.247074575706245,-2.25723593132011
1.80087714216532,0.86626161187464,0.639104647922118,2.20029407118702,2.02841552062028,2.43760053959784,0.877465641594059,2.24770790329369,2.0853075914247,4.93874384738975
0.220059786962649,-0.382296418698133,2.08838034237974,-0.309142724791603,-0.722346228646886,-0.229136950882446,0.433082356828077,0.3036498289287,-1.15880675558061,-2.13401817374587
1.02472891506163,-1.02156171832764,2.18217756575941,0.184784847896789,1.14710012240862,0.211762504391236,2.69525303187842,2.9615843036318,1.41932042646636,1.74479030716893
1.99067519916445,1.43558454292022,1.56190253729047,1.81462038689693,0.278055811378623,-0.497398776395072,-1.57898782179461,1.57665328138563,0.666902040984629,1.21592122687107
-1.08276916995716,-0.268771828904551,1.3061984258299,0.751230307932301,-0.542721973948248,1.82410316496453,1.35540314425024,-0.41471342613858,-1.13402059522252,0.137096392036126
3.23934716275512,1.90152955429479,2.7238400011667,0.904488887444722,3.67816709544676,1.84251195355687,0.0287777297535912,2.21250357065884,3.26875982102352,2.88448885190259
-0.266757284823515,0.68703128004792,1.84600897018531,2.61656171725351,2.42101480142922,0.698477822182327,1.36920915288355,0.460096709821143,3.43979355361688,2.0032238611587
0.0398813898867802,-0.83817979404524,-0.305660649575858,1.1691424106383,1.17400958331171,1.44107890255989,1.0306389151977,1.78005212119598,2.21881243558884,0.885542383352273
0.82658859193393,1.09872192025735,0.353918268351805,0.345974951205218,1.99734438200703,1.88810385715131,0.191964014048813,0.481724244113045,0.318531984866252,2.07445452753786
1.1692437713951,4.03816717782291,4.38097357054284,3.48745789101861,0.123199172473452,2.88269280673635,2.91566470775642,3.38135993915212,4.58286326042934,2.30196342490696
1.35281772112569,2.62861684056891,2.69792063488378,1.25095148128995,2.43775390263007,2.25291213358872,1.0414553068811,1.31351778111124,1.75963345400502,3.64279665862788
3.67672534515668,4.3867246152263,2.81443584123981,2.74846221386845,1.73869780179498,3.83615947750827,3.76780251133787,4.57700603950492,5.03280703131538,3.32885739442143
3.15012453953319,3.61809563848525,3.86912526287538,4.23068330807354,4.68027365152426,4.00978562679071,2.4452050537121,3.57846125326215,2.46013200110383,1.64078527264589
-0.0645847622814359,0.364042723844255,-0.423347814274608,1.78254505681489,-0.457187280839851,-0.884827563896388,1.80381452327583,0.566871560147265,-1.44568218895377,1.91947940182376
2.40387639029241,1.41661384827895,3.53026441166418,4.18397287371233,3.39230986961886,2.08442737137448,2.60563948340399,1.98431397143529,-0.737847614173989,1.89951809052819
-0.163312014848787,-0.10807829080618,-0.0427171343032882,1.69257347433527,0.0554094375866484,2.47823709651323,2.86200598258137,1.49549921987016,0.215399900059121,0.796559821436076
0.219488753967332,0.839135596853749,-0.552940077805434,1.0432342321585,1.76110804417281,0.828854431258283,1.1502177015969,1.873053438823,1.85327644643329,-0.0092646767559601
2.02762361222602,3.6697402736105,2.58875805206575,2.77644228513811,3.18053812873828,2.05744611362217,1.37506220199186,2.68100366605015,3.04727504697478,2.0714488027699
-0.555970647133676,0.949581214459865,-0.77434255847945,-1.75427832465072,-0.100915758314468,-0.26451583010734,0.282623457748132,-0.681518943601268,1.21037006616938,0.327007266948203
0.909993751794896,-0.216304317675156,1.46942316222142,0.0537893647897685,1.23403556773136,0.184924394012686,0.593551890603093,0.761084566528559,2.48760692256856,2.12224581927766
1.13452724207762,-0.88728954778334,1.08954575889227,-0.845370675496113,0.582616062615895,0.731735548293743,0.285672337273639,0.0990115213972305,0.725630147589759,-1.57290408805967
2.01083260018311,0.977208096072514,1.87805222105592,3.33686022018083,1.73037533964796,2.20096113107575,2.43211870942834,0.196785630515292,0.0490097022456697,4.27000449670038
2.26895544621747,2.8074933504881,2.14815766850643,2.22819031037096,2.00126465634662,3.46478944906264,2.42943404842807,2.39283464055896,1.59097294609311,0.943872501061388
2.10638509580085,2.66228945876987,3.1865644534223,2.86501277013637,4.48070645917024,2.08978524765658,4.07621746034535,3.10391464153024,2.16459407817566,3.79825775318808
1.43285844256444,-0.177998219579381,0.194048417037483,1.77727053459287,0.88128039441231,-2.45567205040379,0.878227338366838,2.06041306780028,3.38341883184202,1.97198617678145
2.51449298292013,2.1229165612996,2.66551726010098,2.52663839597878,0.937537100156715,1.36456481052008,0.474484826049263,4.41545729567508,2.78601957077409,1.33493418687958
-1.06053233326659,-0.0824379705023142,-0.502583858958865,0.307852132541025,-0.981049630486894,0.324211796482344,0.0241637207418742,1.10613290831775,-0.190350085488796,1.66806834658919
3.64845100416911,1.94660408090406,1.95989215000828,-0.205027885550922,4.49571790888281,2.33957884006163,1.19154176377215,1.97134551286895,1.83122100886962,1.26935179487949
2.85477537318105,2.68754626682811,3.87812556438322,4.440333872691,4.414600637105,1.83605899734477,2.99298974921456,3.69834961123721,2.91257232044322,0.91774138037167
-0.754773220533138,3.89957135847609,1.65983265649828,2.59113756187799,-0.377779576494934,1.77690378736802,1.33603501004568,0.566460909024064,0.588466252313488,1.64543771610646
2.16126281215144,3.02454441701022,0.248063362451194,3.06509946188284,1.60829825015395,0.559187572655256,2.09196133454579,2.54452666384112,1.44658658249168,3.24300994809971
-0.000726095396709203,1.3981334460958,1.09130084801156,0.842353205740688,0.881276922629724,2.5746150468018,2.63717312043714,0.693289210981286,0.77595687607588,0.0431111619581436
1.05252581353055,2.39812219856469,-0.100418325167792,3.0303737375477,1.23826709600522,2.19579166296068,3.27692358238139,1.80313443398734,1.63966359907015,0.997470529512534
0.376319594588949,-0.529850436370622,0.737171015838387,0.201963309969922,0.0598382227852043,2.29134196355516,1.85136133181198,0.731775007910739,-0.0735206956864549,1.71716789959001
1.10101556883453,2.14947758507456,2.52317946070101,2.02420015386361,2.60041433229753,2.39407893463657,1.62916764956106,2.79181079999165,2.0243491282778,2.65915153363019
1.87491365463501,1.40427387775872,0.562334643690376,3.56999908524326,3.88182686141289,3.18452563028144,-0.548738103208137,1.30129014862081,2.80134791629548,0.622308219561718
0.581691616045201,0.643739451561991,2.25366562597998,-1.7935139253899,-1.10621913958953,-0.903427956209903,-1.15219949444879,-0.0835319293538948,-1.3134187717993,-0.610144198981704
0.548522080602325,1.22119877461554,-0.221747657179847,-0.429890970461912,2.13564022259751,0.085269044079507,0.454105838139379,0.416951885087689,0.34884871138263,1.12228412364528
3.05511150757584,1.27968049566713,0.412722151873498,2.09879627422648,2.14732684699861,0.668562819563645,0.722601083560828,-0.446241159265515,2.20554170895318,0.321069697484221
-0.670889217599137,-0.112621299233518,0.272608042553239,1.61067157038791,2.58281556651859,1.0475159222257,0.805142047535289,1.36515217094681,1.07298909057317,-0.0427382440274455
0.912134524795967,1.23438387607443,0.962466477142667,0.451469504252172,0.93295895156146,0.874932560293928,2.60567407620753,0.362112485170156,1.81347278981426,2.16431061988417
0.702847605133328,2.22087338437971,2.71338604242802,1.0814069652736,2.35959208181437,2.16718118280513,1.87704899066218,1.8827012075392,0.616719397390724,1.41034883224229
0.818210784672492,1.17058634602071,2.03184021256346,0.237530907942049,-0.24660898600415,1.37069282319568,0.483674262960033,0.621405208963615,0.619405353932122,-0.326292515762845
-0.370120084114253,0.857584622394872,0.134924380133221,-0.987132995521501,0.213513545711277,0.244846530444605,-1.23969086329034,0.426767399893598,-0.396746919682295,-0.888083778991779
0.0657399042117501,2.14196465894727,1.19329498132238,1.22252689295606,2.73298148793395,2.56482022169715,2.09233137332228,1.37254098470553,3.27976324845005,0.547090887661342
3.55664203230721,1.62292591370385,2.22625029158812,3.26487222752255,1.77348095095313,3.20084314356598,0.0312658924471587,0.72426096615572,1.96813797124014,1.35411317309644
2.51489957487359,2.69247478769439,1.63195774473281,0.0166868022783588,3.69843581719259,1.84047924201886,2.2528950143497,2.11302063681413,4.16476442361378,3.38831845820552
2.86078073373423,0.358448256706321,-0.72644695326915,-0.415782573360756,0.527018605685937,0.795427697927201,-0.409404840295432,1.90776993306439,1.13762756094716,1.47589370765476
2.03903724238353,0.694742438721384,3.73228548455068,4.40679488773451,1.31515835176212,3.83995626812627,5.89498304383126,1.86594533953339,1.33537017047324,4.08385482000798
0.548052334620987,1.10303658059085,1.95673744940063,0.930276241675248,1.26959764758935,1.20846123691247,2.31377005434848,1.05862992322284,0.786224724107565,0.871545514554477
0.33154747325229,1.10072400317143,0.895049941303386,1.23895259798141,1.95034090399865,0.269888192179635,0.125208785168189,2.43939406065539,-0.321447828204946,3.21465539753288
2.65597062121849,3.64959549827751,1.82064004490462,2.49974855462312,0.836267917647093,2.1136688663608,2.06629756718026,2.95838435093116,2.88409552334391,1.49576094380056
2.46313180182487,1.24832510452774,-0.278988517839226,-0.0123110179412788,0.682968790071388,0.716023078870868,0.695984563402272,-0.704009522373033,-0.360910241248526,0.349360022062584
1.47453499665171,0.0471005445881345,0.418538725378378,1.94788573322995,1.61674415225032,1.44045685919522,0.661285477193164,1.93411368889145,0.0888544589412019,2.81161065329063
4.66042963068134,1.4506144406734,2.37128139536746,3.17047896619417,3.56938693786904,3.02085872073614,1.9182621923083,3.40778395221723,2.10677193206857,3.09965615245206
1.36030280263223,1.86607735596541,-0.658210191975751,0.464844364111449,1.34332318410961,1.76275995871968,3.44780822227749,1.34203859142755,-0.156692152096537,1.92739273901229
3.11550474038883,4.48243154333645,2.05228243012291,3.2792815753284,2.9182401638474,3.20814747664458,2.54947166506371,3.92147216920395,3.56639541482795,2.5511057719344
1.74479408432781,0.210604881797726,0.939835354729527,-1.47211526347723,0.44120206290876,-0.886404492831153,0.542765045165547,0.666983240236626,0.345184637428349,1.16788256062014
0.790838084110081,2.43921051741157,1.78579418751589,4.09670062929354,3.56946432090691,1.60713889376174,1.9074310179551,2.15935446297809,0.225009291631821,1.75194031770582
-0.181966988471631,2.01659802931546,1.01589508329762,1.55500982595421,1.96024645297369,0.272861050409156,-0.242977928014048,1.32458184349,1.86854308329142,1.49192876162113
0.909157676051595,1.83329981497714,0.980233817970755,-0.23822759429326,0.0895843507495889,0.702661710768269,-0.200879274114649,1.34236078931903,-1.49385555993971,-1.89919960075869
0.721349737244927,1.03275290484038,2.02765974034304,2.29139449377064,0.23548726488166,2.00439620241704,3.65221792506467,1.78932353654836,2.26569313894881,1.31784615232281
3.71879819845288,2.65979941897342,2.51404391680703,2.93024866376524,4.38101590497615,4.45289165263883,3.77194128408962,1.05919365556735,5.06763380949473,2.08206006935911
-0.796785822167167,0.89798898210323,1.37342688547872,0.0312158692592838,-0.0193712300278166,1.8938619363646,0.789975721991048,1.80752607244734,1.00611544352038,0.719702354659138
3.14739558319081,1.15800148886523,1.6645317710812,3.02153429525909,4.13427243566749,2.60323905433996,3.40485661134823,3.51690524079533,2.33711345407593,1.96292810825598
3.0910055850676,3.04257884822872,2.00452786309762,2.14259136115519,0.46327151264965,2.9452545906434,2.23128684328188,2.13410571873626,0.0198560515939414,0.977599251154476
2.00911755684859,0.500454610127327,3.07500634486414,2.82566325865496,2.40763906753784,0.220867194943364,0.944120274779614,3.04558957057414,1.00128833526215,0.0476736288833723
-0.348570735216317,2.61760833182109,2.68006040889668,0.367395539335695,1.57276364448368,0.867268837074667,1.79259902736302,1.4725224954243,0.843738147551096,1.01455241702747
-2.61746988153235,0.573344390058637,0.34340724288157,0.148786604064677,0.164708642333464,0.292933648744162,1.69595492735294,-1.10427978807242,0.061329647974117,-0.982876730780644
1.76011900694532,0.801226105800176,-0.222938419943674,0.51630481635015,0.731540330348938,0.601614713629204,-0.743933196635811,1.69678719890688,-0.366950406139064,1.03242553788475
-0.28115712763543,-2.34220057136695,0.574086127800048,-0.422640889148045,-0.0405791847715951,0.955831680737589,-0.518673466217939,-1.8195078075193,0.734657117884852,0.886100573080634
2.50075219961562,2.07980654445454,0.670396268246067,0.760744452101121,0.111679997881138,-0.418759389315839,3.05043452170333,2.12478465410666,3.09309509681784,1.57745864447205
4.25673546063901,2.82030677165375,4.76896090806416,1.91959401292656,2.40824669260387,2.71646122456176,2.71438938230962,4.69092746773863,2.93466798531701,3.17198410341028
2.57846984315675,1.10528935886546,2.80853269790271,2.54647399639605,1.15499213955529,1.69166009280332,0.789741047786313,0.00219996343178486,0.873666718234593,1.56324000484235
1.21048716295529,-0.573411536803341,-0.666795107157533,-0.404536036277248,-0.780291967516317,0.680004014390323,1.40753983340709,-0.386487740167524,-0.0851250441198478,2.62924601769758
3.48465518793195,2.30498257032592,1.6035090389103,-0.430446238520418,1.64013368280764,2.23671529224291,2.62622215798992,2.48253012625301,3.1515243149236,4.03895512043814
1.7992227465216,1.04961430580259,1.16976427868593,-0.491505115909527,0.260018093459123,-0.0323880469149846,0.168116936139111,0.652553225952978,-0.207682868314012,-0.380031591032513
3.21415229950988,2.1937141704448,3.05297582266611,4.1941726139293,1.99366339908977,2.56717737471749,2.46946866913321,2.76931695279866,3.54240175249394,4.68736698527949
-1.45188974915004,-0.494939310645841,-0.452316955283741,-0.37860041699879,0.201427907694483,-0.161597995604602,0.595935738833773,-0.865857026092334,0.964808921767663,-0.211096726675363
2.8685410101404,2.0715111442252,2.37819765439569,1.76385042903595,1.78515529175572,2.22711653642078,3.81425602960819,2.43064986478328,1.36614651173652,2.20373668038929
1.36216240624443,4.29732775750608,3.17287958548898,0.922161188559541,2.70175789827423,2.14903236465618,1.04914006325554,1.77037723203482,2.23447070468477,3.05213472109175
0.72773160077873,1.38611472506452,0.417790667629205,2.18436729915746,2.33231003729497,0.450212250894787,0.187216404928014,-0.779365680503147,1.68788297694121,-0.0927310110627335
1.75337085876804,1.94629004950361,0.670895844868621,2.68449701752907,2.93185169742188,3.03989594826858,2.98200052314039,1.80289691374343,1.6015229547656,1.78363311061144
0.888425335132957,0.78452545362598,2.2164627744184,1.00218070146308,2.12763454733879,1.63367806088031,0.890340237846925,0.555356669790737,1.28161590311487,1.16502178191658
0.513224858477904,2.12550581863434,1.40502393983425,0.266379334665227,0.742182784809739,1.86008886085738,-1.09785288006334,0.220414490408799,2.91776442962748,3.1428881409276
1.72508854442915,2.75835669794068,2.91460668686103,2.70541338436285,2.1943386971237,2.43469301586658,3.08026999216378,0.682203717306033,0.323392669364654,2.9434282348562
-0.131626730081623,1.15548826117041,0.40171116584066,-0.774633611273007,-0.226362453169912,0.318041823099714,0.403529492247568,-0.791457665759604,-0.38406431207447,-0.656537392665171
2.47565276216342,1.59384752762343,3.9961285212672,0.685298579868452,-0.125933336310338,1.02875504374538,0.869343126044326,0.975614474067568,0.578433731107715,1.78490255408277
-0.413037499657113,-0.335576424699093,-0.688992793042657,0.917339290769727,0.652548161163428,-0.919845302786144,1.33635465285046,-0.955346279157502,-0.433073737715107,0.268678260794844
1.19857691459352,1.26523953566931,1.90465445130308,2.77624702244821,2.08057056163599,0.45716558733758,0.0847337454343136,2.36292717364948,1.70620931835598,1.61660480622716
1.70611836926016,1.72267726384962,2.59259619803509,0.339594997234934,2.08501854085424,1.63465088882952,0.638242901512041,2.61065853567755,2.33904500535967,2.1790975190709
1.26229831583234,0.531426155876913,2.36856503397372,2.36443092311677,1.97548267208615,2.92293529206631,1.57051532174633,-0.25842386315986,1.33960296641819,4.54833707443666
0.190630556629876,3.12800877819573,1.09686189446449,1.1980874649001,-0.372981655735094,-1.00702858908065,0.641414762326644,1.15981354555447,2.73874077099932,2.67119653438247
0.624805189722412,0.134794373706263,1.48901426485585,1.59488307261704,1.5430578552527,3.75033432986738,1.09913227524624,2.04556537164373,0.979725859381622,-1.57225962666637
1.56185178627134,1.51973743309599,2.14464729114949,2.29233500423381,2.51440259580118,2.25932693413789,3.94156865797094,2.06691034472876,3.14598254290958,1.30778493389228
2.00917963432226,3.34609648016766,1.97018060766708,0.391657124713846,0.467414188849924,1.17951528412493,2.14718921001777,1.49704743541154,2.22294540898504,1.36227390598168
-0.0807973632141411,0.0352550249362599,1.09639236437941,1.36606988851493,0.0450408775116715,0.333173760971184,-0.483259493397546,-0.601406508934172,1.71271352682526,0.870415709264276
1.36008757373933,1.64688107064044,0.610087760222582,0.957699327139507,-0.320674220541306,2.21349811058036,2.90746207263696,0.255595212232178,1.0846620085152,2.25631027008786
2.80062966826051,0.559822088574221,1.36209859893778,2.04956512355663,2.5074548381976,-0.151766620746408,0.582445687096709,0.632332995380834,1.17782272665287,1.26952358597266
4.11411680047274,2.68051011798699,6.00669457508305,3.05582054589897,2.71046739973211,2.02370398891033,2.70862589858829,4.90959513468093,3.27761273995126,2.87435067378425
1.45229870652665,1.32965118918258,2.38173984141298,2.75021028863717,1.82807602292446,1.87689802252891,2.62047607756371,4.73171879247741,2.33814044977371,1.85019261392135
2.85582925185387,3.3007221917651,3.01711248850336,-0.172775741764715,0.0247165999229988,0.69451124582628,3.99333716245795,2.07700762003358,2.71847978790037,2.04334860399194
1.22824230730987,3.22447476385257,0.918475560302239,1.20025127841412,2.66861926644672,1.3945649429706,2.32277072322017,3.66398962346705,4.99685513330192,2.68662652533419
0.843603072183351,0.0551284187548536,-0.0493144334836308,2.23810254349932,1.43661741762274,2.90154359659629,1.12086245912599,2.06957721071959,0.1328270015705,0.0532947414187923
2.62352868230749,2.60593527024302,4.60363890278947,2.85604516953305,3.78536099299925,2.55932593946241,3.23315779343094,3.67424301278634,2.23929374747035,4.15205959592413
-0.04379902602698,0.937806896562971,1.79708900823168,0.531551539404789,1.03153427790441,1.56799279481917,-0.523621205700358,1.46118443178375,3.05940246947362,0.35731737080399
0.76713339809126,-0.244456484628166,2.07830560651142,1.61156694555192,1.45898556478347,0.536017836353484,0.881365884521191,0.721820759437684,0.179134682011125,2.63300402129436
0.698550518242519,0.774800203155281,0.204048684056703,-0.0682521462474489,0.835322113927845,-1.32272112072709,1.16532071705514,0.699411183582458,-0.154572462053744,-0.583834292481578
0.740268233852469,-0.686987750980878,0.127035300350223,0.656981900574117,-0.0320543201662508,0.181487313839764,0.290383838308346,0.113291224315965,0.246810590769422,0.0498341569495818
0.845276819492154,-0.451668831893685,0.04520906721618,-0.551751345093728,-0.486901772878412,-0.36803078789693,-0.013608786393069,-1.72740754200339,-1.56039569946113,0.202341071474279
1.07406082052737,1.03473080127639,1.92030594696662,1.58955383766573,2.06354195541826,1.16547934883475,3.69026583441354,1.90412661788095,2.63839215108715,1.66218390790184
0.0163202775846065,0.808343257624107,1.64000427681122,2.8229086746081,2.90790692360815,2.58794633787193,1.01195514803889,2.78836655538592,3.49444583424481,3.16758235912623
1.64212519979531,1.62647520590794,2.00323263630674,3.61885317341875,3.0624818308982,0.222796881662621,3.13154027749217,1.0157307301978,3.7011824671938,1.05699401701044
1.36320801986319,0.618250481722284,2.71511546283305,0.885238599030715,0.655689710343556,2.90777943246462,1.74133666774585,1.27013929135727,0.0303781687788776,2.16846181999536
2.25161135589249,0.88034699214094,0.310281529575788,0.914226684860602,-0.879578939303929,1.35749659459851,0.740855470198589,-0.113363403470012,1.84417116945289,1.53974264006667
3.36406796877948,1.02884816601814,1.23050236590824,1.96517276062771,1.71845941197457,1.86099523543026,2.14316141330328,2.25852137847507,-0.567270596436335,2.05970596133944
-0.344302806506398,-0.060683805946811,0.519734463423544,0.460631030726811,-1.08562341141046,0.204336662728803,1.32984053867926,1.46483249758939,0.988561066050337,1.24515201999453
0.882448731432137,1.14038963511355,1.23593861379045,1.86148349814865,1.90577944002733,0.857302080869312,-0.0178484778514432,-0.446475183715732,-0.893153580953354,-0.250592574051135
4.59641475391837,2.88259766684531,2.94831689307914,2.01658664475501,2.04564963015101,2.97901767025527,2.96263795159589,4.68078025178299,3.56053648311117,2.77784813700579
-0.885972335628045,1.197008345273,2.07568676198998,1.18191605333739,1.79631156282892,0.279070167249826,-0.180625251200263,-0.792673464225691,0.0467550403183513,1.26582165879373
0.775356855457293,0.271935963878036,0.286968415369034,1.57587180204948,0.500643767927829,2.40383012799766,-0.0477226204712826,-0.342344101121999,2.16577041093176,1.02408180145334
0.0598367829231226,1.83376211432991,2.04864904335149,4.77054851647818,-0.337339137870641,1.08527981380758,1.15131770672671,-0.195291550659654,1.20195774500384,-0.270671128431793
-0.130056403608625,-0.33682499707655,1.02513860429094,1.33633303530807,-0.936738165181202,0.629320696014094,1.66385379566762,-0.64778133793034,0.254557015348637,-1.23440728744134
1.74927791715995,2.29160182338597,3.78600847248502,2.82685769685155,1.94551461995477,2.17591014999948,1.83577296901045,1.04637459468807,1.75150153359057,2.78108156025721
2.05995419169052,3.54510799372919,4.56850049165079,3.66062384286701,3.29650890451471,5.44880346930355,4.92232581739997,3.48035640353719,2.16279280446322,3.37617058210326
3.95148878498805,3.00400172557615,3.66150790364475,4.22690037465028,4.36392584984768,4.09674267185878,1.46744241706025,2.64259935740892,1.58062799455026,3.48381411001901
-1.24046760221981,0.828662196410679,0.370429440044934,-0.106037184964615,1.18586209918648,1.29350503497069,0.424375031135106,1.07305783363013,1.32478557849614,-0.375384274212305
1.2830269503661,1.01387290032137,1.19100896063885,1.67200276826885,0.758564153026358,2.71185191001916,1.68521877019486,2.06487927456427,1.91510270067087,2.83441186488118
1.41708109221014,1.35832230890161,2.5466754361085,1.17886675123341,1.19756363040073,2.32707869730879,0.594488941246011,1.10367620820612,-0.621137699002049,-0.95723362676572
1.73336026302841,2.17547779087784,1.66693715075233,1.43420679287893,2.55160514619708,2.32921236818693,3.11681563403031,1.5453848914091,1.1403378025278,2.92167863257629
-0.392641279220238,1.95973101413756,1.62115822659208,2.79476329600264,1.36553587147717,2.96440775100527,1.32439816561138,0.907049246475979,1.44988876324831,1.48860610695402
-0.0624510473410785,0.656527555738297,-1.13339776923659,-0.331727665475422,-0.143264847065963,0.738908590661092,-0.47450352700653,1.99635634074535,-0.404048111923487,-0.352258223972087
-0.572144484832294,1.11841682950114,-0.383316850659274,1.99611837819348,-0.0998748716034124,-0.241909792254797,0.895226393535702,-0.361856197361982,1.53684157464204,0.620610559777749
1.85485398061389,1.53543311423075,2.55835595270708,0.647939984617478,0.71637088779618,1.5158835317621,3.54797662011112,2.70144971427157,2.43413468790664,1.5845082888868
2.64083414139866,1.79230325169855,1.25159224513407,-0.167462642357549,1.57582186139997,0.949247014366673,2.22322542501482,1.20790857313763,0.950207633292538,1.81056080454247
1.36321566684999,3.38467023982364,3.52915618157977,3.67194679919165,2.96746453817984,2.53546361727978,1.64674018068504,2.63950996888149,2.44117898261562,2.24638942119018
4.05674661367443,3.15798207079602,2.93786982122719,3.48221659468209,2.930012510301,3.61501004121964,2.9982820826891,2.16959755373062,1.93628181990896,5.42626701879031
-1.88272184313997,0.0344288394964936,0.468739098049149,-0.498270999280989,-2.30527407981331,0.49255947835457,2.05026936796732,0.135939534849008,-1.59046817596902,2.94300048683305
1.94099211917658,-0.215466333019398,1.85932882584865,2.23526168473896,0.945971940708266,0.367486565419541,2.14843315780529,0.375769818649385,2.306590677282,1.38542764060804
1.48861618620791,2.81488144835215,2.35377288704959,1.94837627790177,2.50897881418358,0.282663579571458,2.09685149670567,1.84140930469509,2.38880531915039,3.52449613254239
2.59034692494365,1.45841381417222,2.0560262180861,0.834463810066878,1.41268204552443,2.47768025441143,3.0123709776396,0.980491475255689,1.37647100285111,0.860371210440531
2.17024373280372,1.90062492042206,2.26988735306,2.32184549867156,1.3694414227765,2.15007003840203,2.14234908066508,2.27708555067807,2.07484039207921,1.87976892681473
2.06747158268946,1.19061811971212,0.667029578268342,2.86898342895211,1.71304616391405,1.7209653624187,1.93651983979317,-0.310301726667652,1.61085892276266,1.32776467784273
3.3893068347744,1.90332351678582,2.66803410554791,2.2284782856557,0.740642686646505,4.04509941439238,2.65102981520515,0.677163382046621,1.79049368592268,2.53847135126404
0.153638885855016,0.358105810349359,1.89131533258288,1.53833509258892,0.0358142660398432,1.13696683184933,1.12987685611747,2.35799270005813,2.63041154551341,0.484146230800511
3.28600112928984,4.33563602717367,2.66828648073343,3.03925126803554,3.38850760286321,2.82177533520506,2.02607728084265,1.70712760781973,4.98718236764873,3.01632972585916
2.8206479510825,4.31672983043365,2.27764858936174,2.47976142099583,3.87114104690478,1.92584196526432,3.35136248410451,3.98589481081544,3.43394386981317,4.13700735004692
1.86143271680234,0.91047529500602,1.52713172740389,3.63016572967402,2.13391214877455,1.35213493632793,-0.266282814971487,3.31890717256591,2.14930529967093,2.39880960761685
0.555369564392957,2.19960206682308,0.675928536203155,-0.286255288979008,-0.228416450960107,0.957333727385282,1.54171331129051,1.21045842040325,-0.0132468742513536,0.509562868361992
1.20986865332799,0.494958616936156,1.04503217009559,0.759491444797886,1.45543731011439,0.956769405241043,-0.52663142898138,0.392795386821496,1.1817787846999,-0.316736062895028
0.647077674335484,1.35898031819494,1.85666653163494,0.515711145685537,1.39171601181593,1.20327782622537,1.66982788421216,1.09122062064369,0.529274308929486,-0.524801741728623
0.70137830459886,-0.160707382752274,0.397979131430772,1.6401066590671,1.59248284817507,1.89717456879497,1.11638069592447,-1.36612164555343,2.55971252803117,2.37955107721161
2.67993205744176,2.24901281507679,1.40660823315511,3.69390620650264,2.47072613615134,3.52346664592164,2.84945689272397,1.77648342127176,3.61014604675848,2.58451461159841
5.72479883882854,2.50384932428475,0.426929729667247,3.04805036492461,2.72860424574382,2.40763647341855,1.01922746422021,3.21424225086001,2.01114721876919,1.71490094600803
2.19313505207548,2.29496741064293,0.89599708731565,1.50697184480974,1.44102773791575,3.07104292492407,2.49727442264084,2.48608899972354,2.45990737947059,1.15603615662377
4.28103608214463,3.65879303116702,3.96616894998861,3.80230887930897,3.48169336858907,4.507547875443,3.00242900223878,4.26570823941278,3.40461218439111,3.50270114862489
1.78258771516667,2.13846798260835,4.33150959552156,1.62161073551627,0.703301372589122,2.30432829236333,0.799244113582285,2.16490416878497,3.27772024907836,1.48542265668936
-0.312895268719224,0.930887345845513,1.43932052482238,1.23308302965971,0.0318246253781793,2.7822131848103,1.06058602720459,3.06540129775842,-0.803538242198624,3.63377774976535
1.09390249917573,0.792056273357995,2.5593589151757,1.24093827964498,0.60691419084362,1.30761672909757,-1.59006206496969,0.32260154880257,2.11066702736689,1.4078496037448
2.07563722141135,1.87299901820303,3.2238088680183,2.51557371024486,1.5426526137592,1.85490478054132,1.87062712797683,0.621720167997085,1.12947273394784,1.4661802230321
1.97609918983302,1.04114804468029,3.13280850426266,2.33674975540512,0.472862308531657,2.10467921317516,0.607604207607066,2.03394334539335,1.85317083954665,1.83806907582433
1.40740519297527,1.93352754283319,1.54548781658494,3.1433530996772,0.239924636619782,1.72892253540702,3.41077506179829,1.06933270589969,2.78142266127043,4.57743597503625
3.52480447963078,2.40784084271186,3.09350320058963,5.05493053180441,3.52533186630508,3.21606224261479,2.73157179282514,3.21346029332284,1.73722312009836,2.05763651847299
2.59122823214308,3.27490769176964,3.70109929642142,2.87210009121731,2.60593475799408,2.3602298100451,2.43044224867588,3.67397366647678,2.96762369390051,2.28993625043836
3.54738805279473,1.33389439516885,2.98244421795208,3.14898662881247,3.31589176054863,2.44225556152258,5.33660842238562,1.93544110340072,3.89527951390055,3.45819008941834
0.39354397918599,-1.03846228693756,0.638117031078421,0.17588857658406,0.402897408335558,1.31787732576745,-0.859964601946048,-0.76636161232935,-0.732752462575187,-0.417972389429959
4.77742077952609,3.52156241763073,1.90071557098509,3.65490857805257,2.33899853642455,1.84328456633063,3.69713883872686,4.02398788947538,2.12680343780913,4.40488884950524
3.02166975458734,2.31139747037116,2.94258973488867,1.97549565244365,1.73672696988542,0.45894710240886,1.82219512338577,2.12523641197996,3.4098943158173,0.948349322070592
-1.47119769249209,-1.2140437367169,3.4713632323654,1.72853348604747,1.8904247953198,1.33277130030525,1.32942687415288,1.3070783034253,2.04550452885499,0.240949048262922
0.802817509404064,1.70946069391635,0.1168144465134,1.70430265122985,0.989214814518174,0.0679145950425065,2.39417978532536,-0.524207067341944,1.61722391533038,-0.630841357494096
2.18414233868699,1.91604339877723,1.6273653597116,0.167497019077564,3.97908333306445,0.809830496370479,1.94553671096223,1.00141948619148,0.785468161681429,2.37949075207157
-0.63424401308754,-1.69444982754479,-1.4402151403403,-0.623146223901886,-0.443300021561195,0.937860724996314,1.22709630949524,0.954971542858927,-0.82018425869279,-1.3833497128739
2.23036584550366,2.94093716507864,2.9104275229609,2.67327088588286,2.80797934314467,2.05235953348393,2.92755461534539,3.04394037142599,3.05091040237886,3.41379068582448
1.70031745555121,0.848058055748833,0.699338963280747,0.230208994456457,0.529361670037123,0.913653224871001,1.09795203540523,1.16291206191736,-0.0475650555908669,1.3098654586862
0.680518889166832,2.74680202651908,-0.399663890599584,1.14519393304373,2.61861816100132,0.507520123525321,2.12099642117739,0.508482675956945,1.3932574881381,1.03194520902293
1.76632839446991,0.753904681738442,-0.43040652722879,0.586390518141936,-0.576307566951586,1.63851071810815,-0.083757891031609,1.48319005855997,0.986594215601946,0.179779326314729
0.0582253848266134,2.14951733992331,1.36092794206424,-0.278396127995171,0.77085010943942,1.2410382990335,1.28251466246349,2.4959852130581,2.26765760726779,0.395164575134079
1.99283071157214,1.98423795677934,0.985753581439278,1.6461395732727,1.05857737332398,3.15415869821142,0.622254172261566,2.43790189067804,1.27050121651907,1.92210429544205
0.532429223164681,-0.789777135551563,1.32303293959,1.49627658419017,3.06662693098166,3.06214507970968,1.69725433115422,2.1373389010442,0.856823643182415,0.598247711374233
2.28046191633943,2.49489674161249,2.12715383487725,0.0156086232281727,-1.04186953746009,3.12268954139678,1.90185321598315,2.15639260898721,2.59438628079617,2.81743869872155
2.66344214088601,2.34356989265033,1.45538550521612,2.60079633869093,0.525323030369465,2.6659242296592,1.41607438470949,2.62700735327871,0.753544079461745,1.42086626650003
3.09178999044601,2.25760910926121,2.63693089028059,3.19026804455333,1.40825449014282,2.51940649952075,4.46878550872799,4.74547528670744,2.8148138569641,4.37311971179069
2.07591508835301,1.69111066371031,-1.31322552976773,0.420299512149313,0.860287156443162,0.556428009122384,-0.215827992129386,0.729254256483918,0.268568546049226,0.708691970433023
3.59750245102251,2.8936920051678,1.97444783648772,0.215428015686884,2.60198803098048,2.83657889809041,1.06824482538057,3.97155412538082,2.29697132750894,1.4970951371218
0.943477372187361,1.26432179702258,2.91793170907538,1.74071713294734,1.30572995523763,1.92469565287205,1.97889528943934,0.356908189071918,1.43482477249391,2.29624348466162
0.112938964003139,3.11764439691063,1.77653750976475,0.695050274327585,0.816981222976402,0.370020201739138,1.00385967078352,0.453587281140057,0.125747718079774,1.643594013403
-0.175376374397685,0.478254464811717,0.0597613016648669,0.314067857237981,0.504007510360773,-0.347275172882212,0.163536454017746,0.918847334563132,0.848693659026187,-0.0777973782169685
3.31004877393226,4.34265141494537,4.39339716995773,0.140591563525364,3.45360229489124,1.99827501804003,3.99365612422763,1.79443237962538,4.32893350805255,2.81395869745724
1.59853333387997,1.58646598959696,0.174023184877804,2.27494109733601,1.58109185215563,1.6084873522899,0.878446943214293,0.0535544146090317,1.95206003680032,3.3928688026749
2.14594176349687,2.79260676155269,-0.297662913970381,3.36432253666302,1.43187874555313,1.79540774415451,-1.0094594108199,2.04861880095569,2.68506050582551,2.52409751523351
2.10062690224608,2.29609327149885,1.54593482982749,2.2358569029521,3.89895631807592,2.16951195666955,2.13334494236358,2.13721381147409,2.17590350137166,2.03061116396918
-1.57136411817093,0.123214859335147,0.655778903227817,0.131598605231268,1.33223935638185,0.999547890461674,1.29225053416652,1.05131734753023,1.42550957948018,-0.935509447690365
2.07161075211948,2.45374278628166,2.98453644166683,1.81066875458993,3.22224130145092,2.05959104830755,3.21327350862326,1.41539627846383,3.20776825351165,2.53811256457864
3.42594442368015,0.726358018621037,1.99445843801713,2.25308001337442,2.60657813142317,2.41450329534135,2.28154440198711,2.25988397824199,2.15592179039447,3.30272442580934
0.734364294375727,-0.0508929023483677,0.761434468268658,-0.0590002901903846,0.271801559449177,3.73057784016089,3.6239491865244,0.947588871619968,1.2651030887141,0.360132163890539
1.08287596923288,1.1088347157059,0.0410537765840737,0.196819285576514,1.53671723980855,1.22662437227509,2.49065514912306,0.615930968256357,2.75467825297684,2.27671363477748
0.947971169496249,1.95071803218243,2.54070619561953,1.98803031641139,1.03638355153964,2.89525294924827,4.62701102759954,3.47797488285618,1.79660731715138,2.93682810859893
-0.410396425152443,0.0658865647791657,0.732046570720631,2.4975664198621,-0.130208664533641,-0.176584174584543,0.585272231436538,0.21015275757651,2.1030462026975,0.580968463875656
1.12740204338581,0.0888170682979844,1.56872038159745,0.845740010618073,1.25361876476263,0.417401570900192,1.13688676837201,1.55558794506542,-0.000561234425178858,2.41967509006314
0.742369454209734,2.30495283150372,2.36599269112882,1.50709336958779,1.44911510636417,2.67676022614089,3.28948460429962,3.96525177364959,2.00329004081709,-0.343558254896195
3.25950450990044,2.97714189530946,3.49143057825245,3.39851600690149,4.98019055742144,3.19414176060398,3.22975505133271,2.02755063652899,2.56612959041215,3.71216654804321
2.1404669817531,2.2320984114352,1.42962900265779,1.71670601339382,2.31591461174099,2.82292511878701,2.62322265539276,-0.0804058021542038,2.52359007964107,2.78313260579774
1.61792099388317,0.850148293807818,3.01500936988042,0.576744900127777,0.941092674794431,2.32582042618704,2.69008387985238,2.71341153393113,3.22220427967405,3.26614033947578
2.13127769594472,-0.33766096008416,1.92779953005585,-1.16234293729284,2.90151536128655,1.20354291738043,0.0780258617359008,1.50009142848619,1.07860878409738,2.06765430607408
2.21392732041632,2.92003373991889,1.96498617175159,1.22462043636845,0.169455549592654,0.860817108695592,1.64655275900842,0.3970667795594,-0.0903053993028426,0.960650596892813
1.46174146488103,2.35993569697676,1.51419396735504,3.70180268430207,2.02316447268157,3.0905260247109,1.44288875111883,0.82736741010188,2.21320601080459,2.67721689809242
1.34312580803938,0.852838128768135,0.903084928492969,0.190835670481899,1.88032186784513,3.43619534856166,2.37558727632079,0.891068306773836,1.14345232122656,1.82179375104754
2.72822914802308,5.57936641040861,3.02819499057142,2.20713841106198,2.7331199272182,3.21162019691497,0.885021445588687,1.97957463198499,3.67535758382209,3.34169097704497
3.39472192159639,1.62010687538498,3.87452922607172,2.74161690237461,3.6906918981103,3.0409448813104,1.24898621998954,3.18973719535691,1.68910736374233,3.09242868977915
-0.19889200657467,1.27037246378955,0.0466596211307467,0.0786660805922747,0.170958290080136,-0.30802148886378,1.37635589516452,-0.640244865577549,2.71383941864097,0.591955936169343
1.89038872081131,0.027316122092399,1.20727632271219,3.32948817402725,2.82431545696595,0.205826856268125,2.09146828342326,0.122359216698415,1.59496593384689,2.08403059271718
-0.918285114234193,-0.202179702741283,0.217657184670923,1.12995545646932,0.634233987217912,-0.647699372338944,1.22350878721786,0.880680258625052,1.0889160472791,1.15444036312183
3.33712907569174,2.80878722744532,2.72121864984641,1.03056500407106,1.59375500794877,1.83240593439136,2.25912346882432,2.03261509496307,3.92988958436146,1.25069696646195
3.22043149643718,0.928369060701276,1.21201073671108,0.528167800656411,1.42628006582248,0.937203501865266,0.91211928497568,1.22203198769438,2.39887648757381,0.341623112659264
0.59677050513298,1.06640934561862,0.121092878052279,1.73886895583898,1.41876572176949,0.534613949530382,0.553337050193427,1.82319431562976,2.91694141003235,0.642024297530003
0.0425092750468299,1.59889618059551,1.57775505313608,2.12720568201187,1.64432910476446,1.41822271086494,2.49795139453128,2.0498765667414,2.45731019772276,3.45983839009196
1.67093330373201,1.19391443062581,1.30155327627093,-0.305100712826403,1.43743629023174,-0.627953153643795,2.60560159315353,1.46022474656429,1.5579052731751,2.00230660217268
1.92337193831084,0.148529784195742,0.706205562767326,0.0624943419342714,-0.107633241046077,0.166066444446015,-0.238238151517924,1.71788798405531,1.6570546032891,1.38665927714854
1.75698064226759,3.6023028353814,1.13985536391553,0.742954086687225,1.56741394216534,2.32716699758248,2.98497131338918,1.39596547998722,3.33547934980134,1.5557352233695
2.05084509948749,2.66569763204263,0.436403632981557,1.45761682945285,1.50677289970155,1.57688075339472,0.71624131471234,-0.469424071273939,2.07462703673919,2.29807033361794
1.97327856011306,0.994060640945731,2.00435356288482,2.00172415237544,2.44545164814234,2.28747202492808,3.7515818243858,1.72528481931334,2.01288331714378,0.569948354757699
2.84831602980043,1.31679559849397,0.959253910948153,2.28935582085404,1.29230432194333,0.544148406657188,0.326023078336976,-0.277436078667735,0.295540909353483,2.32221149730895
2.22450101277915,2.21508414809663,3.2845030116347,1.38802722362593,2.24161920304367,2.07064472874514,1.62737026489011,1.38702622313436,2.77099113346332,0.239151794812148
0.842835126615667,2.60633179483932,0.484859663766899,-0.857346043759927,2.06064590329928,0.558137095256231,1.38099218629035,0.0220542353409902,1.05410966894912,0.309719912780337
0.234887625176038,0.488197455103113,0.295596652037187,1.51654135832801,1.92106678132246,1.00677393833486,1.34787733222196,0.30378516773774,0.430309845707874,1.63016932016866
1.97864528411033,1.28848158686321,0.995305527748197,1.7966710789954,-0.398154782712024,-0.444184686932344,2.11639294674658,-0.318249755824062,1.18634012631464,1.95365036484587
-0.0189949282208119,-0.465756101814632,0.0685639238125514,-0.198181199294293,1.29614822100506,2.60763496468095,1.14918366399597,0.307471588298759,1.26982947439107,0.0609895274180829
4.6515473759819,2.59441919255848,2.58501043227714,4.69456221024669,0.128501301047584,4.00400782907846,2.26570611173416,2.22174372033491,3.11656181004792,4.33214083896479
-0.0823333280652293,0.653018223660896,-0.300987562195575,1.944092444547,-0.171731136015248,-1.18861168934134,-0.649189375136729,-1.56461123850428,-1.79039572044923,0.0151549666948388
2.45780511104303,2.25696767318586,3.20608378309339,2.98030790321355,5.06897532198617,3.03967351346706,3.13924632883445,2.71391739880934,2.21974664184737,1.64708452092919
1.36351665301155,1.23713227318385,1.80643908752042,3.62753711129625,2.39141916156295,2.29706827012105,2.49246665515858,2.36190240432668,-0.00537654210214233,0.342534530005853
3.2704614050955,3.70278279337416,1.84135325475178,1.27528389700656,3.46755113177077,2.87200991762195,2.37960510133137,3.32082775100334,2.84060507608349,2.38588764148898
1.06160235204382,1.00762224234438,2.18816874208179,1.69104525943018,1.34673136761541,1.93318838674899,2.30026306734355,1.1764793178399,2.54945007741278,0.923177461475983
1.7105391842311,1.80946903137102,-0.0259651820771134,1.9587333884995,0.737608395804187,1.2604064598286,0.426759352181856,0.502843933206817,2.02529106074394,2.09458552408129
1.500789782379,1.71740244610037,-0.891640092481671,-1.40210184178254,-0.114070155057695,-1.27373400956782,-1.16516002363734,1.68374401514125,-0.655406855191956,0.638711654757527
1.99154382112616,0.736256021819113,1.50513595341851,-0.594816877878102,1.6393792852345,0.73949377636422,0.525847855486218,0.365165122582742,0.210951382583874,-0.637147921241012
1.73899911155491,4.04905155374298,-0.457746684619339,0.223968750004169,1.02966124098115,2.04907021399878,-0.14259659065712,-0.290968334638788,1.73387321891668,-0.215795031963972
0.303349338170656,1.36905276060791,3.40701958954926,1.7825640796059,3.89687090856891,2.85929504928966,3.06563160598717,1.38970347743049,1.91124877884214,3.35093941568525
0.458929829923741,-0.829367783590332,1.0636205806701,-1.50143667048801,0.820892816666317,-0.767594844946037,0.292076579307993,1.01756715435554,0.563301002809272,2.06337359756832
1.02404226761655,2.3753563576308,-0.128681034584613,-1.01535164274236,1.45388755078379,-0.16070001383612,0.419685668872027,0.143476864285549,-1.29329352824848,0.417991588418849
-0.701026768351612,0.585961817407533,0.717662697919478,-1.89333211125733,2.48000750274758,1.68024677832564,1.17868725742173,0.190471904259863,2.10110870633429,-0.168025514213013
1.13032206440534,0.488316964085239,1.04699611158141,-0.366890526217033,1.26753519804243,1.48344222779935,0.740048427954895,1.51026434347376,1.85542241556887,1.37731649179474
2.75658984090083,3.11084797472675,1.40627875078667,3.68186971985314,1.84885583929601,4.07718035041726,1.23910709072364,1.87394163575154,1.31776134884934,1.16772090936205
3.14090205578687,1.93645286718618,0.950702375344528,1.08846726991799,0.0757851075743803,1.76237578520244,0.485045048604792,2.37291836636487,2.88081456265461,1.10285502169542
2.19119651925915,0.212673759836682,1.51376559898301,1.3427020111684,0.0079760001879553,2.82923783222005,1.31465020909919,2.03002449731603,1.13264033956519,0.849865983789248
1.16322484495232,0.451187625830572,-0.384604076429242,0.394097148592506,0.152722140899004,0.518453943891442,0.453574727628261,-0.136879592671586,2.04734848871305,1.7144772049507
1.18782240821138,0.574168666546581,1.15853801087874,1.08543572267201,1.6846648090334,0.103132642060834,0.582008892324715,-0.841408026396717,-0.817343318267343,-0.200410740022908
0.927628923130258,-0.623976038512291,2.10312383969426,0.184418858308619,0.292606009877694,1.37142794228827,1.04416961425306,0.882500954038674,3.27352868890839,0.6070566506009
3.24067884666337,1.24227094332271,1.60760444108568,1.06116167785082,1.18966820782232,0.361184121199057,0.516696605281237,-0.333750225357368,-0.281962192660747,3.09209076453569
-0.623227856210915,0.640203573320195,1.70231324369144,0.0267493970350975,0.666788843433079,0.655520214602545,2.37993614157898,2.08724743497524,-0.635641596416306,-1.08901508259611
0.139078915286133,2.42248795564394,0.99752004899142,3.29589936047168,2.55577379357944,1.53600074612643,1.08591106617732,2.717207270516,3.89190871308906,1.17535931123263
0.494066270688107,1.5410252878304,2.93327444245551,2.33256638557301,1.53662985877466,1.73767119787549,2.1832664306219,3.36780398643612,2.85129225923904,1.53476899323655
-0.206506296301859,2.32744981428223,0.357906652906676,-1.17407770591177,-0.356294117168649,-0.595239529490643,0.753616842860976,-0.498144532276138,-1.25467437311828,0.744285625136865
-0.474895096994881,-0.509929666628615,0.623065702760089,1.90395084400088,1.46036167672354,0.580082424233731,0.701479993390563,1.14765666024268,1.13989058083743,1.90474141432721
3.10494519548073,3.68062785959344,3.6793371144491,2.85959174011356,1.6136649291365,3.03594302070987,1.42544972402713,3.12452315641562,0.710521810271315,3.76231321714879
1.59860229577411,1.36458006548002,1.90413797700184,0.151171132176129,1.72249828180904,0.726003937945124,-1.07513228962764,1.47766529488189,0.917775125710376,3.32493745512702
1.73172283330918,0.970759883175046,1.73480719991641,0.999804519433144,3.10683876259098,2.775572469469,0.668609404856919,3.61468038729114,1.39729737057757,2.09516031657649
1.8688063595291,1.44955331614155,3.48409584656216,1.10247308773593,2.4887647454519,2.27268815935938,1.56719077931899,0.227122576481611,2.09838949743182,1.3173544151977
1.82186541199954,2.87560832093448,2.80789112245545,3.38405957564005,-0.141998396933186,2.747567107365,2.39786044221092,3.738698231542,3.08091214983012,2.35982245356532
0.0668655676627492,0.125211121293316,-0.0835452139328052,1.32651925597694,0.865445866826538,2.32917744469693,1.49526037106541,0.905283819937426,-1.4193665218732,0.975947138834638
2.4115424992643,2.56513999205509,4.71142666587491,2.60341805593318,3.39569546260092,2.89354453238137,2.07152589716377,1.83402550566506,3.92800266638572,4.3210366249847
0.640904804494836,0.69441161693323,-0.245547313561762,1.39667378353482,1.10814583954558,0.450294886653928,1.18046829211371,0.283907126446426,1.35214557462784,1.74523253351341
1.25551678756693,2.69911648271474,2.19339009285713,0.284132707814068,0.848525937278972,3.31998893968361,3.39911124824997,1.86217335689759,1.63194437983547,0.268373562593854
0.820089517698894,0.0714030850063749,0.354936945652861,-0.108352621098036,0.955997559016999,1.72247330061881,1.35168370650323,1.39433694943614,0.385688012533657,0.445066289999098
3.93175577855925,3.46229399402377,2.51688619174585,1.54358607807439,3.14240860138003,3.19860893497183,1.43972929289488,3.10172596450822,3.08421255760877,1.31486054283893
-0.267044625780057,2.48099974574241,1.98713107222678,1.84501412399897,2.91178657018634,2.06346411576713,2.51438169424324,2.05731073934201,4.40821608170607,3.09536258721818
-0.359839716322375,0.74734310763267,2.86052739331195,2.16436585267555,0.478857512869523,2.40748221104822,1.38590183384147,-0.0620863391278184,1.29697710218724,0.869340757089736
2.65028598926165,4.27909678510171,1.28605168419285,3.19472360075545,3.02339460858307,4.32477199315352,3.2309452323483,3.29559372313161,2.06070576506816,4.76794511868813
2.06869205741877,1.01236908500217,0.577777667603927,1.1052332701749,2.25231642013732,2.26912619963365,0.684137041817571,3.32878788844418,1.09149739743214,1.39637678093673
0.822801875468221,1.0742006327029,0.756089479162999,0.425052469827566,-0.969596001109468,0.854743000417565,1.85574814419896,0.276128013418759,-0.365013715477938,1.91968430858481
1.15008161612386,-0.844384319619208,0.0732511218830073,2.01063476777286,0.420698590543032,0.619563414741021,0.298287890666544,1.12140393528258,1.31277842850214,0.119573527587041
2.03637964264823,0.199373100226243,1.70020060839633,1.3481845125992,-0.474559365802358,1.31782207202916,1.43771204409818,2.28558781814327,1.30852025528413,-0.768992381265967
-1.35437824771442,0.38297316943107,1.40947514942323,0.494706532947418,1.44341104651759,0.722294152891898,-0.874236215589872,-1.02769898589968,0.513715485249249,1.24754759209866
3.26906027788303,2.00138572250686,1.99858150935313,1.88363252709108,2.54118959282533,1.28464458137976,3.36092436125729,1.59241429247559,1.4019003323222,2.13908409680396
0.35822709707477,0.79319731752916,2.62777826381556,1.40652453704472,2.35634758956551,1.2464134507044,2.52405494791818,3.40707184166336,2.24903609162107,1.7698135762594
1.20888664507279,-1.17544772828853,-0.556306201217361,0.313291799524506,1.33267002729531,1.19593332185743,-2.24502030763422,1.19655295817978,2.34747681316936,-1.23324804210545
2.02158457848588,0.723676634017829,-0.12267391224669,-1.03770189848524,0.28866041093672,-0.652229794255606,2.17229443706105,-1.75548751851546,0.999730792877679,0.780026167714427
2.37419861292712,1.45723146263281,2.26047439774964,3.23107601634808,1.03065830526537,2.9165394741544,3.23752965641925,2.78006059005797,2.65374640891336,1.92638428357192
1.15242372999184,3.20708571547336,0.521158520998624,2.99998769881103,1.12510251106328,2.28274376993716,0.670401646088067,1.08047394860022,1.56802840486532,1.06748071305604
0.978416200930495,1.58223870083716,0.758037919933581,-0.0806230116688065,2.22990872725395,1.7379171164607,2.34208304361026,1.33879910890464,0.20746298683223,-0.0970948110296181
0.660349424868823,0.844020109250318,-1.4723559402631,-0.409819137810624,0.201984927131034,1.18514363052713,-0.632813434698977,0.825900117863165,-0.0161976224791473,1.0552040281787
3.07645860299117,1.98894201925321,0.0821258487823484,1.49022388922969,1.24892404038536,3.89847168137606,2.15804100676654,2.5824509050068,2.5153597961357,1.49292699296011
0.387665144952704,-1.14652365677829,-1.43871313655068,1.11937390692597,-0.46901809275952,0.573950736378515,1.03173677474154,0.771117912560546,-0.392844507216289,0.751043436785442
0.679496865941328,0.701433829910334,-0.349486908254647,0.981516487653939,1.99105392882356,-1.0632171240115,1.30250433831653,0.49695292310296,2.00641874758292,2.47380413111503
4.21899949106677,1.00859289689721,1.6989868109388,2.44389273851485,2.19540370167623,0.194799824912918,0.885478999992162,2.08545451288487,0.9618665705645,3.04923038326428
3.52676310055925,0.850308538530379,2.95911469368616,1.57775564283022,1.96455002822172,0.981757247835269,2.23987540911377,0.74002470982878,0.731055627990198,2.25956527468033
-0.161537588182606,-0.902508499941253,2.05635736339727,0.404520391991651,0.689764372985643,-0.38090862167945,1.65001553239808,2.26675108837654,1.01745159929987,2.5666551149854
1.66159348132429,3.42239749525748,2.75574175084763,3.18822699575455,3.99359992199431,0.918759698731375,1.23913333459698,3.42849229185638,1.73323212014189,1.84271701182047
1.38824078800334,2.07043349021405,3.16960881742416,1.07468527120133,2.99132970312262,1.32330855629991,2.29213817635817,2.02639585939988,1.6999540262874,3.07851849565839
0.695210697716218,1.25666183521355,1.7450636057801,1.16937238298666,-1.15729292367537,0.210337263322321,-0.424771580814523,0.0894447930426253,1.82965690618664,2.61559367307767
3.96581561027721,5.15310312621964,1.74184645768231,3.13698716100271,1.87587906491927,1.4226634681292,2.93686636501299,4.11686022055634,1.17351973788128,1.31067831468823
-0.370774711456283,0.685490436325455,0.0805049854122916,-0.356240655904582,-0.626327050377577,0.513285869765544,-0.0188309457523062,-0.495067373124182,0.961258925919814,-0.637211423825017
1.19942629972414,2.36792946117751,0.879965077969085,1.13522678237222,0.984422226971657,1.24865896546927,-0.28894533080745,0.208655969422303,1.17437494210012,-0.2955938295976
1.04983275758515,4.00002360239695,3.18286017443114,1.64396006705307,2.39869968025299,1.88073494595705,0.955451745558252,2.35297864028298,0.768026829131015,2.20750873407281
-1.64082580752785,-0.255402024748598,-1.62117618506965,0.233005027819274,-2.12768020773077,-0.899070490327664,-0.903527570922445,2.24037389742329,3.27061581871784,-0.431641838136795
2.6600613548836,3.75382681500484,4.02997911165827,3.76357305101878,4.24127171707966,0.855514412226757,3.38773347705808,3.8935702091978,1.33126732456549,2.16344357048688
2.23236775346361,0.931715173237417,0.646531495960814,-0.265198439018534,2.03129155711025,1.02298355240035,1.52681077087056,1.64128953398822,1.47160471197841,1.12597283792971
2.28260403273449,1.43190492581287,1.19839231544672,1.81787900746039,0.70200489876335,2.00742845286535,3.27504137724668,1.40689187100542,1.19912616400863,1.47067511083672
0.102798050219307,0.346651179429031,-0.604516474622658,0.399378337206043,-0.760145304078292,-0.495998748117154,-0.518350830859376,-1.46115490226753,-0.188633140824642,-0.999452803186018
2.28930930802905,-0.0795187312121823,1.37764385026227,1.61628784077164,-0.120123083110479,-0.138407888444466,1.12315873272224,0.89775660614025,2.67704544017896,1.41409617839514
2.57171689894656,0.684497706115366,0.47360902284535,1.18823104209325,-0.174787476031065,1.07153388079263,3.64445906421441,2.89795667382666,1.14913098295042,1.17331251283286
2.01420474493529,-0.923186871459254,1.76510314014234,0.150016867456927,-0.695690445311282,0.81061824224624,1.7860565569773,-0.80904696423153,0.0764334616491887,1.41657489821396
1.12863310179582,3.75459831036298,1.00988436639126,1.88211773840059,1.86738239009155,3.80104644857721,0.884299338062132,2.99218463987934,3.30585779093352,3.67336665955536
0.646602808807681,3.80253007956659,1.13516689022396,2.37969511916073,2.89732278227763,3.52018478934768,2.29146261695009,2.96436228302782,3.24493310220101,3.5704405021299
3.49192955642941,2.39173292692377,2.31370474065893,0.0858630818113579,2.01437073589495,0.725243708623972,1.89889573632247,2.6828959564583,2.68921877737479,4.15941335751455
2.62061297605291,1.03310467260242,1.19730079800397,1.93997394902115,1.86898826312116,2.15522458780563,1.72060618951299,1.10408894580582,1.79472943798189,3.23621967491305
0.541894125392644,-0.0979989161600414,1.10568280093878,0.820373109920113,-0.920849012274167,-0.594228263267466,-0.567284772690397,-0.78767510593625,-1.32348488746747,-0.521237375898892
1.43251107416001,2.66273959928957,1.68395919677359,3.28571667565165,-1.3890112989617,1.84186740478503,3.2036618740937,0.845930550483289,2.45664320502597,0.939535906692346
3.25762422269321,1.5593500559641,2.47142239155941,2.05035443308535,3.82022148007942,2.00391812744775,3.54031572307106,2.9299649243675,2.27638116092484,0.859086383371901
-0.556458062270673,2.54292586212656,1.91163571083299,-0.159901980812897,2.11212536893324,2.64260399970831,0.0841073443070026,1.12128310067348,0.699094007111587,0.736211115368681
2.19490718602269,2.50240036280649,2.70561491382012,3.34071111628153,2.86279484359344,3.16214460583679,2.6429870597321,2.00592610069916,2.80085602489036,3.218415507821
1.93516369767925,2.61607463735214,2.49246147187021,2.73290821406133,1.74650205975152,-0.323403735067145,0.756670912786031,3.56786298957453,3.91075857808248,2.888700105064
0.485225412470819,3.27087262167397,0.869736951351995,0.220654356493885,1.66284592711298,2.02497930277137,1.96679416084244,-1.10914799628566,-1.11860455370991,1.37019784312052
2.06595903267448,0.898548247792059,3.45757649407979,2.66129835072033,1.02216174041346,1.42477254090812,2.08912849654199,2.191373780446,2.37464338752413,1.86516843494801
1.10517183766168,4.99673230479343,1.93491248091111,1.54848770278601,2.14321565836821,2.4385845482949,2.23929033343603,2.72955137566229,3.06968402538056,2.38237182861191
2.0997298584051,1.66219138837188,2.50461859888839,0.97132850408571,0.65705632435906,2.95406284706828,2.87659515008643,2.15947045941156,1.36748960100287,1.38680428836595
1.11284059157869,-0.769131862391925,0.179551961813848,0.304676933091534,3.29541898809039,1.58933006561468,1.54111676347698,1.14576607307035,0.493420742149891,2.55221125677602
0.517550809014491,3.65933123183917,0.768675007090269,0.778231449306916,0.936315709804089,1.83062553052713,1.39712752342108,1.14508335992223,1.8862306492265,-0.380712748868961
2.09074102921224,2.15785383028432,0.489136490630768,1.84076664768371,1.51161698288368,1.30444080321976,2.87134006872929,4.74965004957611,1.63756147360398,2.8779837054756
1.37647306167939,1.4351600512458,0.44713612737748,1.42791033554083,0.101751009743227,0.325719512757457,3.1702470342725,1.05525558254058,2.02481038979469,1.12218285850604
1.04753202353868,-0.819687711128126,1.23588092565969,2.1195159659677,0.23604721424381,1.79923850260087,0.763334596832641,1.66623158667642,0.599262289515598,1.88658849389273
-0.542317727206206,0.890008387685853,-0.0637303805539158,1.09469877808489,-0.160481019488822,-0.253596024314189,0.619929444668231,0.347075606653864,-0.646050960441937,-0.306253352655529
-0.0109734556588688,2.51979266027803,0.329381537588339,0.183865931643761,0.643831309378322,1.63726133376235,0.413660530771186,3.30929132466903,-1.13524472188388,2.35309129883242
2.41721619358539,3.61892811721159,2.45589633861355,3.87931684251761,3.09595215857157,3.1939165231575,3.86629863857037,2.9732382818409,1.65177332229742,2.15271971711567
2.73209168744594,2.77402511260992,0.754002196397486,1.2862568995466,1.80057227946274,3.35022842322279,0.857479361524255,2.18434397132742,0.0187446035387315,0.529255353223414
1.90297755181435,2.6734126298611,2.23791970672465,4.27299215255903,3.49860244321808,1.6259649531873,4.04572011287156,2.3716403756885,2.08075906636959,2.66060255690827
2.08478162435769,1.65651812942691,2.09032514487555,2.27755867643329,2.32163556444055,1.57744339884374,3.19304449344985,3.06354623864052,1.32416515531902,2.31742108321837
-0.165754110193914,0.104659322714009,-1.1046300542334,-0.612439083402693,1.33129213651588,0.0100191723522864,0.351261034227204,-0.460214758473407,-0.640661967130432,-0.0978201102433831
1.39075039201902,0.660029517726725,1.77741178499414,-1.06202827795435,1.19475213011448,0.836230172635521,1.42650023816635,0.516375241044043,0.899685159646996,0.869974992750215
0.014033751369252,1.59463703448617,1.02703296190998,-0.0492930035919061,2.23364219985694,1.08329897306598,-0.167359497605979,-0.172330653180684,2.00924900865235,-0.137466548862371
0.213283107321893,-0.283167984052681,0.0618645851141865,0.959683646697452,0.0812754578824451,-1.13869900392351,2.36687503236061,1.35235994713296,1.06680311039843,-2.83092665355479
2.30796445807304,1.34514252559959,2.18873337265389,0.917515830010204,0.72557723628939,1.47229371413922,-0.196962190574168,1.21993282086176,2.09985615390836,0.234565661267016
0.682418514647517,3.47543247557349,0.534811927930471,1.78624816195935,-0.125717461909424,1.87194374181309,-0.328000888328208,2.09569815543686,1.136006003593,-0.0721533489841375
1.5244452462119,-1.80581379231326,0.187313286356317,0.0883880331023611,2.02194125403437,1.38364804288383,0.785318859287651,1.17706499274435,0.47789503051445,1.46223766735899
1.91099886661597,1.18819421074586,3.18577325130782,1.44840202917105,2.51652433341151,3.16179904532587,0.371821183679697,2.97997702819733,1.16830299320468,3.14584069325173
2.56755154046845,1.38082092623157,0.322126811120343,1.68491598348907,1.14172786028766,1.60117640749832,2.55345460210105,0.379602713979114,1.84040881763415,2.4583042797807
4.64475032081571,1.93328985014394,3.01732603825269,1.82643478460495,3.47682410798224,2.23426658682269,2.01764497891628,4.58690288178026,1.24178549987703,2.99897394638029
1.59116150598478,1.34019669084877,-0.704395632591604,1.62936014221579,1.17440185201219,1.00256138248423,1.10062808247287,1.43293288762106,2.20106819552716,2.33598821408555
1.83124722058618,0.673013394913477,0.365001408976405,0.832265120134025,-0.193046141935849,-0.285319008093219,1.13777185334624,0.606261546169329,-0.011326778951033,0.880594566351168
-0.895274106979918,0.458848751864574,-0.674520545772667,0.958163457995773,2.02436257579369,0.967029863512294,-0.320882461303844,-0.0549927588525095,-1.42810745891971,0.799150948106198
-1.50962848425348,0.586881017945387,1.02830910230095,0.605609654220418,1.39522618260116,0.409108382866269,0.539609432206912,2.34244858898274,1.1489751381849,1.49001706844772
3.05539854407918,1.7268567529757,3.89934192866173,0.908468579484716,0.929565213574103,1.0384004807322,2.34309211340632,3.0457504285065,1.81635955613608,0.875669633974575
3.08720604006841,2.94882336542044,2.26019577299552,2.4754114874609,3.79240905210997,2.08236643242406,3.39545283404817,1.33221301666411,2.76445112295905,1.95867299793579
3.1679335460052,3.48586483628311,3.49421958306578,1.9162648181262,3.79548604281913,3.41435276559896,3.15823997584963,2.42697811643418,3.00246777459883,4.26277836924829
0.170436463818293,1.63111401939627,1.87314284699159,4.00207590578371,2.10379288215587,0.632815264965953,1.03089472699952,3.18480125004213,4.16380203848826,1.00157022202063
2.21242036606692,0.58794915948774,2.27569047473117,1.56282429324204,2.41034591691711,0.0307852143491408,-1.25656061904533,-0.0687409073306189,1.9478652797668,2.38164569720991
1.71354406520429,2.08280938919541,-0.0830570667770112,1.7280738902773,1.2265162804348,3.19784788407031,2.24406610163153,1.90355975490987,1.27616784625811,4.10318726371015
1.40003447630862,2.09454670706985,0.780946208960643,0.199091488298157,0.101970352015782,2.48010607833642,1.12026610506708,1.0840370525831,1.90497154246925,1.1382128210958
1.68803454343073,1.40364021833787,2.27608587978537,-0.612255324658712,2.03923598957133,1.6931553104676,2.65720939667212,2.57801096127959,3.33987556269444,1.51351588002247
2.31019013622683,1.89652790896413,-0.455211665840236,1.44686555346433,0.641664464620975,0.904590864723201,1.56542642978704,0.230295209570594,0.233713639803806,1.64988120204104
1.66787051947283,-1.19896272138778,-1.75595245138727,-0.759015099850432,0.150497632867893,-0.309126686427294,-0.54620424010699,1.82751558308287,0.701151440950257,-0.40301800963128
0.328888447835055,0.435769409613175,0.917301235014623,0.803305557979352,1.94246683460164,0.553711374454609,2.43169730543303,-0.920940676921327,0.182541904863954,2.92666305866553
1.60155517304268,2.06274030399126,1.06817470481832,3.00795147861367,1.91135555982103,3.45200404107576,-0.307701675650693,1.80239075013141,2.68416719736395,1.80855379376436
2.87030384749639,2.62610020413536,1.87365239303469,-0.642112531871347,2.22510777213197,0.22764367452172,2.18324395229672,2.2642813079221,-0.0140222145644269,2.46443963321687
2.65629380628276,2.81969995654754,4.23563600106863,3.95170339367869,1.56498980282645,1.38930062852,1.67002254607791,2.01583334628862,1.52856086018855,3.19607869897382
2.14949099048253,2.6899823736586,1.93835936530442,1.38071290279244,1.73069149689633,2.33536758232645,2.11145646411026,1.47913860764633,1.01116610939618,2.27948916610368
0.322080335045346,2.68477632656091,2.64077739333282,3.12638377296579,2.93623362192783,0.128794890404868,3.85213592892778,2.7748693620876,4.82693647862236,1.69983812505807
2.673555862648,3.41030555106735,3.14757935103735,3.62284628969291,2.65499197503088,4.02931493849188,4.24299287680675,1.51991623278676,2.83347232159517,1.82270146667731
1.6676643043305,1.34908109655702,2.97458375666108,2.21334929059274,1.31471981568685,0.339247070689638,2.84421801832072,-0.0713346403698685,0.35049445615757,1.25743162786484
0.767474117101705,1.09843309589133,0.790191762141594,0.455702513348651,2.53701712490149,0.547023561630717,2.77127654393445,1.29797706293681,1.18984490250029,0.806269382318885
2.48306259526621,1.51501228073073,2.71856624106676,2.40642060858256,1.89027714464705,1.06377883583492,1.71424203728348,1.44777160172032,1.47927937951941,2.7633040107624
4.71474505145283,4.16291609404474,3.68089043789893,2.98776787681742,3.73336560375967,2.82275065786951,1.25552596339663,3.16140811756743,2.34616915455702,2.80541941671853
1.6272008700653,1.39481268899631,2.37883383019335,1.84251119244469,2.14174484103445,3.11257923536265,2.00187122590061,2.35003204541327,2.46804574428809,1.47584722517508
-0.0497618526407182,2.52501237535763,2.08341458825145,1.51657426236648,3.18291076138748,3.45860609255074,2.37385074004263,1.11708633152613,1.06664321005503,1.85796378321494
1.13849044468184,3.1828238559552,2.90727437030713,1.81269086149577,1.50427302561255,0.699963322677961,-0.355589648629553,0.445441881854559,-0.189757579339077,1.67682552916265
0.338452913484982,-2.04889266385782,1.02897988713357,0.788177623414142,-0.145529679270953,0.537634307046268,-2.57095043680319,0.955441161700099,-0.945480121533522,-0.0288387536532102
0.390985005443002,2.60153650569155,1.4057961438123,0.382218592006543,1.01872844809921,0.131634184997036,-0.431457726207637,1.36059658930346,4.31419029185179,-0.731817217378846
2.71496868661777,1.02003272362432,0.386260435951267,0.906642108825021,3.19186000283198,1.29932663325063,1.28932592234784,1.88406595123744,1.20140865482543,0.624648016144449
3.19010364927811,1.38783689345305,1.99420401702702,0.486784508936569,2.53223119677741,-0.251221405507486,1.76385565926387,1.55675102169097,-0.795573804982833,0.13267051355649
0.981414199028099,2.08690164585394,0.777010534150069,3.17270848741375,4.05538660900923,3.76532164619944,0.404525537805539,1.79543952582523,2.88541436156173,3.25710485695502
0.167559206171485,0.618411572889649,-0.0551988860879,-0.854619164785565,0.0848285870905521,-0.296003648309496,2.46766330134412,0.222715044308899,-0.50555753814723,0.139417206165211
0.461179556374252,2.84823312590368,0.859376459043625,2.06761245002169,4.065531044656,2.20622883460859,2.9859102450646,1.22387432100758,2.68120584154298,2.09857122664954
-0.360805603369735,0.531360260958726,0.336947123281288,1.59910725724017,-1.00673525185102,1.07792821385402,0.0377239536519967,1.03629271929336,-0.981763538469005,0.62520238985148
2.9360202479209,4.35911535028388,4.16662132546888,3.59258735179957,2.99241708584637,3.23741407840429,3.26608344922393,2.65511071710841,2.58998712084802,2.1934828791542
-1.23771366932494,0.0279177851175615,1.27928241194926,-0.390629334387552,-2.11430900691795,0.808851334299874,-0.95007171044638,1.16920747943099,0.0897231035817029,-1.74062636303889
1.89253645795164,2.68975209693386,0.404968512919996,1.75091161556912,1.941237004111,1.22720699111082,2.21191228579358,-0.400981985855858,1.99886234215792,2.08433560628395
0.923748047704614,3.00580621379288,0.728512760310922,2.3162718620238,0.334116272275081,0.622233925502519,3.65320487857779,0.824563249636278,1.23581880108396,-0.889673546151441
0.942709701440767,2.83339763887452,2.68058404262716,2.69707163556432,0.820496265736833,1.70211343041878,2.71631980392069,1.3082516368215,2.05452305911469,2.10865186010601
0.167571237850774,0.302119211875113,1.45227324952281,0.91793586091348,-1.13951891829308,2.52786473037396,1.80303440075318,0.849337672076162,2.23104258770512,1.27046450218228
0.832619925003232,2.27017550482813,0.738467460090111,1.17216761134705,1.57259517875519,1.54261503967658,1.85598836445227,-0.951782971348618,2.46468314490822,0.20004077120985
2.13263738821749,1.8193277421356,2.6595960763484,1.63960393776086,0.897396211099507,2.61038521462624,-0.0402113956213856,-0.846564876366387,0.567965736158025,1.80738516094383
0.225274819359677,0.606012678755463,-0.146919602578022,-0.774605872031057,-1.29979030970624,-0.566063450739882,0.555238808535559,0.0737697021990457,-1.60320832384898,-1.03336895771235
1.46633235421164,2.44098397160374,3.19215281550979,1.87162231211371,1.86342806969059,1.61798671554281,2.26545120224001,2.8702336719745,3.06952471214859,-0.0702332748104162
3.31000285597064,-0.0599076500676772,1.2117583879039,1.10480638094749,-0.718972214271512,2.143674610858,1.43724254971339,1.46215268750747,0.203320935541255,1.30548480835925
0.306908123779481,1.61068796662702,0.98716626756093,-0.36608581126137,-0.553571622300622,0.234867182412504,2.00625189314605,0.273360592424911,0.413299560856833,0.577804374765083
1.36108665449743,0.0679484556856954,1.52253057647673,-0.775965312015657,1.5072073458395,1.26987045404809,1.76989820507506,0.833113083395017,2.05703044918888,1.09412644735491
2.42653567743889,1.8484484115092,2.78889159476949,1.38547115567355,2.32632747443116,3.69429563219756,2.95220236817036,-0.605756279432766,2.54999475015597,2.72189232679051
2.0136627723519,0.628163116060008,0.928960974046178,1.97475364146731,1.07190453418768,1.41872008772984,1.34662108489858,0.944356709751198,3.74983961142911,0.0680321947497905
1.76858870821788,0.453323890389857,2.33510408598309,1.61578809511228,2.44992684868307,0.823006558366219,2.1659907129207,0.557737459908121,1.26685335473864,0.436662643691727
2.25404821422221,2.104131044657,3.04471098809334,2.32326448479161,0.621721126646398,2.81418729535394,2.77729040619433,-0.210957774602126,2.49787224597527,1.16760460811249
1.94434025416061,1.65588740826785,1.87799632554961,1.80772487546418,3.19839154531788,0.738167844085598,1.28538155373158,2.59885526915705,1.38151972990467,0.935973096756673
1.55271062610028,0.688192203980058,-1.50997442890873,1.52462648686413,1.08762196533192,-0.388640257220871,0.23370690376191,1.08387060154524,-0.0819466874214849,-0.0880520641856462
0.0234731695612431,-0.312131732709441,1.42434150829863,1.57686399737047,1.24407625483637,2.66497791799577,1.22255366945167,0.59416565182804,1.69948237454823,0.538954812436815
2.38749363807167,1.3414190585203,2.08467839001739,1.74477797554116,1.51653415805149,1.98435209237781,0.795416686747435,-0.32471849189512,3.00328245073783,1.05081019100312
3.19843530350288,3.75329845439458,3.39424976963043,4.29366668233195,2.14400306725597,3.74190232300635,3.56680964588153,3.5363014837866,2.13912779796604,3.98738172891183
3.58529205205486,3.96137579859423,2.48768172030561,1.75434555194981,3.17086611196954,3.32655247121244,1.87154004811344,2.33052853483904,2.9372565127269,1.93521459385419
1.39055515346377,3.16736488075284,2.20669636261234,3.15541116265092,0.621546858997658,2.55095304506091,1.95994797004394,3.04818800041016,0.979402892202536,1.34162249972304
-0.628247714506288,-0.297271946683689,1.23315321888733,0.898385068142567,0.580964494130374,1.58413163608701,2.67090392256737,1.91347200453946,2.13511977369638,1.05380976609234
1.97974635011039,2.24145903338373,0.980075866987759,0.60684454893491,1.36462048869916,0.486750635406816,1.43857269534059,2.41787338528185,-0.356818043477558,2.92159830203344
0.0937631275144735,-0.888854916363931,0.660681507891489,0.947454238006474,-1.01153054186109,-0.419736542254131,1.25950155243023,-0.827697292189237,0.0171903244198632,-0.358621717849074
3.65364155125137,1.53795670731277,0.422155580857056,2.11300704839604,1.43941805658816,2.04037100945408,2.45267536687431,1.35863759905347,1.96536703686047,4.00497027710267
0.0953478707779848,2.7695521246137,1.83818569634516,1.41452486420589,0.908049985636913,2.66930525191168,1.48847480071325,-0.198787763440688,1.34897548764353,0.91055041049448
-2.6661005906142,0.761408741829635,1.60489749149319,-1.19440645840839,0.00548459437126813,-0.808991963238227,1.9311145102338,0.669344076847865,-0.553781233664508,0.225337993877988
1.72775646456971,1.02738123142161,2.3641435830681,-0.348705398767668,0.531537545356892,1.39005364608244,0.392925187915603,-0.597807234951063,0.916543800181682,2.58505054180105
3.28808975180411,2.63042068690341,1.67899512027351,2.90372549831396,1.23391686585773,1.06361868847201,1.98003643669827,2.46235181598317,3.66772350155041,2.62101239470021
2.77906929659311,1.11445431678363,0.727899144704249,0.734130413818473,0.180062387401234,2.01063660383775,2.57854031449326,-0.810242449099312,0.173029562873293,3.01033966526074
0.68235066919895,1.68473371377257,1.76548806792319,-0.656243093590064,0.395679464274838,1.12333037335108,1.52058256276304,0.305265137044872,1.77053179873061,1.1515881109885
3.33108131394644,0.953636932997021,1.64220874746145,4.02266748941213,1.73262413935225,3.29649526677343,1.59548595725482,2.87294071292816,0.997991196964068,3.04633361243366
3.55785501799921,0.474689837034612,2.74083686224375,4.33633927448934,3.12589679415817,3.2281573525459,3.49830985123394,1.84354866803138,0.225625730747084,2.44711517900074
1.45628483193466,0.999526110272345,2.92096634528339,1.94426058575152,1.88209565460614,2.32902021635205,1.12350597204304,1.80924092331127,1.47628860576203,0.860325122753317
4.20808223516586,2.58768792875103,3.09700838427481,5.04651368551921,4.53232109253331,2.0589208715237,2.17243970203527,3.54739186024906,4.09852644054702,2.16699619056025
2.17560908125931,-1.16606752955712,-0.651192054212886,1.23197422446797,0.0722252215186826,-1.93672195382099,-0.927693639841729,-0.539324991120194,0.121249745844475,-2.06205837723279
3.48486374300616,2.43039512670281,2.86211150334625,3.71785134168173,3.3757657864063,2.11899097196297,0.718909243741352,1.97656549884497,3.90679467674681,3.0670282904702
0.184786475130556,-0.127169887145643,-1.34069071035174,-0.656838054509809,0.205022327343109,-0.189186059332444,0.495721378706703,-0.276719967787072,-0.453545100562954,-1.00609086058201
-0.869944573085602,1.6878192994101,-0.32271726034562,0.228462106535876,0.680022546608177,1.28064141337086,0.61056859361221,1.5922044538378,0.593288537159597,0.917704259828403
0.978336033043455,2.36394277392543,1.23993271466863,2.20456777122251,4.30457742328925,2.77826936558177,0.646460659308417,1.85847993926398,2.22987739322958,2.21987513554282
2.23674738406078,1.93094771898269,2.88929216267596,2.89182907161769,0.419696920673285,2.12659984535152,2.8337930204086,3.96281099592734,3.2164346002551,1.18796176062245
-0.826989859424331,0.660479277417264,-0.326695638381401,0.327704279075614,0.0155493533767398,-1.20336743077784,0.724915234736759,0.229910870029337,0.0505787666584743,0.321666004154462
-1.97030293779708,-1.8091940208568,-0.350527763323746,-1.32959053041177,1.25045284990046,-0.264997377496601,0.423172982504378,-0.684780577246117,-0.0370724805571271,0.196304649503493
2.21725489277353,1.48146073523263,2.71393273546503,2.18246190320751,2.21440863469593,1.29235026390267,2.58807845041279,2.12997685159714,3.46761892420326,1.03804329914361
0.313613264228304,0.660349206461772,1.69195381932016,0.352763467346621,2.35391097361384,0.728648005554307,0.301723704249757,1.88987165085565,3.14941546648616,0.806417059550812
1.1916277210416,2.12520493310998,1.78590821019041,3.62747404908848,1.95184117945133,0.172956362613443,2.590579807787,2.00071112708411,1.37687298100977,2.3510041541127
1.34018242657208,2.37758376454949,1.47858927786398,0.203588662472549,0.785638459053752,0.205131523103661,2.24539982510132,1.72470783647859,0.227044031640337,2.43550449819913
-0.0109721518931892,-1.67489071226475,0.123359389514157,-1.11425444461178,1.60533260375186,0.541746079589106,0.840161988412814,1.27405913061972,-1.98041358590044,1.45397272199476
1.55070147025018,2.66293105060798,0.372909220820132,0.0279632985199616,0.813206493500915,1.66167998435132,-0.306120098172045,0.698728200404382,0.907442678058286,1.00004605047234
2.05573351192531,2.36248747540894,2.16024638426515,3.06319082873245,3.59860000082504,2.54622030630917,1.46866302984166,1.75161199066892,1.1189091065167,3.1796093678936
-0.146133214148901,2.23070256816441,0.00495587569994271,1.91578206952016,0.616646379369202,0.781108829630906,0.313305937333209,2.54627448147442,0.199763256508401,-1.69594939033405
2.41594074623744,1.07020279567759,3.25643264942281,1.9314882066808,2.09505144907422,0.943775895938545,2.47927955895901,2.39889637524504,2.91603126935808,-0.520502489465208
2.22338076894526,2.05788594351035,2.05766215137177,3.20321175869429,2.10671545179807,1.28507847192428,1.61377947961555,3.26235075583278,1.30805244088999,1.16281056850844
2.94520908572869,3.67748564509683,3.71890212354968,5.01189887917929,4.02076694810362,2.87977381379251,3.16492090629354,2.48767190841894,4.13926875290721,1.67610435732557
1.09924362108501,0.326339029929819,1.42614756064869,0.570414072749601,1.15274628850742,1.92729099393861,0.361209955509484,1.55234603091579,0.657547966900823,0.291121460517846
0.819623227268974,1.71749137448507,2.08342978932231,0.680340941981856,1.68258810172778,1.82362795473368,0.771757551090313,3.15890635231457,0.86409102235457,3.77550345385845
0.933200439373984,0.230046177513739,1.22525183727404,0.655958497326575,1.4814917815701,2.536217482662,1.45343099212836,0.449817988440406,0.0956167182104725,-1.18816648047891
0.864189450901461,2.26935312405464,2.42318807035591,-0.18062102411397,3.98076016682397,0.356930130203578,2.42536857122591,3.32624656453413,2.21169511708112,0.992696148467278
4.49329122468921,4.21883918742383,3.69225375029996,1.91610008817862,2.93177627527941,1.95202847525095,4.27114458831347,3.9711535608146,3.06632340988777,3.92675939404943
0.889521551941048,-0.637740446383614,0.830507565344559,0.106782733106197,0.930630329723982,0.73822553030713,2.0948087153404,1.51107678002223,1.00683640134801,0.978445830512858
0.980710670866945,0.0432282379416137,0.984914965524381,0.94472436199129,0.824311702453481,-0.119217432421688,0.714234214237851,-0.19286417564076,-0.0568879856739111,0.353349429650184
1.82792541222556,1.2291225242614,1.25691353865012,2.03510789136446,0.136269076580035,1.04052836846636,1.05963546499715,1.30427704640452,0.307324811754087,1.76862238714178
1.04431607914716,1.52795892404654,-0.0274507123068433,0.491172900762299,0.0615266439555912,0.627359296416021,1.74391474297423,4.13472862801104,0.37821677479074,1.3918472624821
3.86544540416632,3.46399237638204,1.61250117359268,2.76611705451847,3.81055199955399,3.46085921072555,4.43857770092394,4.05369418286439,4.36240897203249,3.53740295403444
3.5883127124107,2.46921748638885,-1.02585664067076,0.751154449482227,2.90102062941606,1.28661578707949,1.74206087406711,1.48254512392677,1.10111558560757,1.19697166742315
1.94501587534286,1.51231652804964,0.794471265367332,0.346414141895214,2.95491122615625,0.974306050612095,0.382735321343139,2.77583227454407,3.01371351833687,4.5324181146384
1.81392400027341,2.42568475033349,1.44640148998894,1.41725520152798,0.836461678756169,1.61871684955025,1.83778534317471,1.95521876068236,1.5341213534728,0.953368458378314
0.945393590150223,0.0383963826984262,0.433243201076318,3.35945307147775,2.354348920352,2.49376858517654,-1.27568774260592,-0.926633492315777,2.27526109976555,-0.380172098749907
1.55251924607025,2.10495933588176,2.85459558452968,1.67838432355847,3.08288309681155,1.82452632126261,1.86573123594277,2.45270894633289,3.09875453144796,1.15503256501391
1.2121648544512,0.362436493977674,0.0946844813492677,2.14788228289506,-0.799480733631476,0.840137148471706,1.07230716788944,0.581145115711692,2.01814143708757,1.29651414669519
2.88598108436562,1.82998885440547,2.10012057137735,2.18561973685568,3.0112749227138,2.50778479075248,1.4252977240851,3.50133984721244,2.25784044524087,1.21598326541123
2.22005652299266,2.45966746793701,2.67304117299344,2.465368437223,0.829175009575451,1.60190245773041,2.61464553010704,0.498048747040012,0.149649180649762,3.11845665615359
3.62694852553404,2.25444772970042,2.74600858417405,1.5068864386791,1.20959157619473,1.17501360996786,1.78132130092651,0.362955474943049,1.6271992782796,2.07027410708231
0.809590016176782,0.534399755725057,1.88480982920627,2.13801712840218,1.37675292977854,1.06994113319691,0.548600434610541,0.271680030695902,-0.66175711465232,-1.71203218540434
1.53850764908257,0.116364253128756,0.788717955247167,-0.127656899634927,2.13818006072745,1.51845964615771,0.866184805893429,1.11451871534773,1.83211145226459,0.3561220454736
2.57238309331543,1.22173691026651,0.175971726524611,2.4077671883049,1.50763933823137,1.08787343012478,-0.569725505427309,0.797611877731912,-1.15849550723325,0.346028903814008
0.652635238881451,2.35655081832985,2.98343360320279,3.88455162190151,0.0340147896061986,3.11779031604057,4.31862514194828,0.353885099229847,1.45329646599131,3.24514859749726
2.56384357176327,2.80033013766213,1.2905438211212,4.38724312738381,1.5840920633262,1.84698592879667,2.88521236518314,1.1820985067782,2.12454383944106,2.42596853032851
1.08825423817222,1.44262292873416,1.13578895029372,0.708369528461771,0.844516384347647,0.948065946288873,0.867936753823677,0.0282279810086538,-0.369377245482698,1.76904083262727
1.10662347912325,1.68669253848615,2.09785190264247,1.88200502253251,2.31007956007968,2.35746871943776,2.73350315973587,2.52920558941025,2.51279936764278,1.9496582697418
1.77142781789315,2.20061350540827,0.0196668516058141,1.47200171256214,0.173964908377534,0.0909046531675558,1.31060425217245,0.0043290373111905,2.24580460696258,0.217367131186157
0.518241964148403,0.517757592613313,1.43290029813828,1.90022950857495,-0.970849928686604,-1.73746512204164,0.763860271092242,-0.0612545069688987,1.14283354942718,-2.45035941171522
2.58825363837492,1.75594037194042,1.69862522270188,1.44894835671173,2.15213671977679,2.73531248129578,2.58999663299741,2.38519566520499,1.68152434762884,2.01156826919655
0.909654757494096,1.1769791114121,1.72705967942628,1.32037718665607,0.433341968147064,2.67835899253666,0.743651416818945,0.752719493410371,3.23121526696772,2.26644687314617
0.429121018352095,0.426616683515521,3.94466962435515,0.313885879176694,3.67283428030185,2.51371040735351,2.56594653513838,2.72832397429964,1.97292277385704,0.874468782565777
2.15608032972859,4.09966404045381,1.63750773231976,3.34557077126101,2.36783136387687,0.414639483817358,0.865121205537576,0.437417746946334,1.05034967363813,0.915280692748303
-0.935620508259059,-0.849550239657069,0.873691910402776,-1.2024574887836,0.957648172240058,-1.61382631760092,0.262015861374828,-2.33219450816398,-1.18375896295532,0.763468872801801
-1.00658884739954,0.857094093038119,2.75642981686337,3.664721186709,1.89384171440561,0.586196049059495,1.14590980145897,1.96350802195449,1.90135375565586,3.39566612704413
2.44125136156646,1.30148448579769,2.6919743840137,0.768521168161512,0.621614584015996,1.05347294079473,-0.260747906012889,0.36174176427945,0.921622311858814,4.00560913346471
1.57543421273759,2.52615238859445,1.04723329009885,1.50633763793047,-0.921689608327759,0.324340743963495,2.50397074375953,0.977947850811766,0.0785192178303434,0.942745794299364
3.49117524633419,3.39941259708301,2.46636350766908,3.20868558343851,1.38141760945731,2.31199880263599,3.37459990306874,-0.502122698843013,1.59934526671229,2.64573604822975
3.31452428387622,3.31362903470836,3.95767126613163,3.35931239677665,2.27985755309063,3.3609831087223,5.07766145463693,2.84707148557279,2.2356673666452,3.38007800080203
-0.258578354815108,3.86210335639297,2.05947779245837,1.19879233084691,1.45484741143304,2.05224709630113,0.515684225492644,2.54216828772389,0.779613510746612,1.56956597658376
1.00357125531502,-0.396084240457115,1.3373771544046,1.50400963874579,0.823526480648005,0.106499715935152,-0.017056660036866,-1.16155554439493,0.371408706126681,0.0584746333929305
2.07434504346286,1.46356641667326,2.08699356610956,3.11908882815659,2.81523579029107,1.93017572885485,0.868985241134508,3.68471333803087,2.42010048449087,2.4036614209836
0.351619002040896,2.47147508877966,2.07609886451288,1.9481635679503,3.2845456327324,3.47184557810213,1.12036677786838,1.57059190062953,2.90441028071012,1.29233165111181
-2.17793009929081,-0.00448327478590502,-0.88874065822575,-0.219953255361568,0.912450845990255,-0.222339295588409,-0.363685357291231,0.847290249181795,-1.47407637257726,-0.769318270631334
1.62401513612492,2.88419585706173,2.14792241710618,0.433918450841857,-0.894689170369617,1.53188618767797,2.28153118546372,1.44214762173292,0.874398977290967,0.847628626424918
0.427184933598408,0.165738725343421,2.9597590344709,3.1328006689361,1.3776539797112,-0.332628795506454,1.23748111922748,0.681172094235424,-0.0708045624015285,0.200009283969356
-0.650600901803496,0.482326750281131,-0.105922497567616,1.16777821550189,1.15259238621784,2.51744081458096,0.975359520053136,0.553385455142929,1.85151869165645,1.56146777543482
3.34886704812811,1.94141898620021,2.22583220642068,1.03574407722244,1.11666078464632,1.68424594135,1.45154931582572,-0.54281769470615,2.89541141171163,1.4793669575751
2.26758886754565,2.4866826690579,-0.317594335882561,1.99850909267838,0.590975008447532,-0.880547766320166,0.871743210022096,0.480973790874922,1.33252386099946,1.32919783684812
0.568403479760658,1.53646356668781,0.863374060271045,2.13762976078714,1.8790756884532,2.2535287368626,2.13793165939922,0.0349006380142241,3.42322184160802,3.38807379666951
-0.918447400986838,0.524188595277047,0.248524823045786,1.75217709677839,0.953935666040328,-1.50989897410887,-0.0815916911717813,-0.545275478367092,0.47562584792835,1.5874317785651
3.00202404386076,3.78668733501379,1.94336154348532,3.92205523375197,0.240487707801905,1.68760399808344,3.16860286637808,3.70744048245331,2.34939315140543,2.50504922751332
2.68947724004029,2.67975190915185,3.22252824130359,4.9777471794381,4.4082477133609,3.84642060021945,4.22297021870333,3.45283671526354,2.78403422446812,1.27306130639789
-2.00219060749563,-0.0121529412593704,-1.37621662950058,0.277287108564211,0.666497299477303,-0.239045442643543,0.98049904257169,1.0048244013261,-1.26353554115451,-1.41322385669386
1.63825263479829,0.69171485924003,-0.455391166583131,-0.0520275245016657,-0.0979683638765823,1.81219395460053,1.65412349557769,0.0228897539547306,-0.019202591548205,-0.333895049377628
2.07948435871254,0.279261937160869,2.37434080614104,1.09553389169045,1.18234076902214,-0.356924720530845,0.313913560131918,1.59841024294934,0.612456081622349,1.04940141477379
-0.644994072514381,0.654080028379632,2.056815843248,1.94656188782847,1.00165317874912,2.8648397735185,0.884823675540115,3.35787559823426,2.07586394314883,2.64331993108945
0.316223211709942,-0.830073472835097,1.90320888660674,1.22016013914004,2.26726721978362,2.40565309752643,1.80766544784556,0.171746397534939,0.923575042970462,0.187764053262595
0.446465708614919,-0.100451296212757,0.510866766987442,-0.688045113479335,1.47822985164981,-1.19609092940387,-0.863803171527827,-0.515612288021369,0.148366162274385,-0.240835747138733
1.71279691376399,0.831968921114441,2.301619788991,1.68142010672198,2.79835723634021,4.65201978575735,3.69274989460455,2.23106021360177,0.79673938627599,2.27846049245811
-0.297505234119295,0.0337245039879369,2.27340224668224,0.315761047347316,-0.210326194126885,0.365396443280989,0.339674448655018,1.65520107624751,0.289639358427251,0.741139390639272
0.749930980190953,-0.26530386435801,2.69450930116396,0.245950610590125,2.42228086435751,0.741354515697012,-0.579119161120668,0.202519718014685,2.1887917051726,0.567752776245853
4.97463092507242,1.72942952927261,2.03276429807708,3.09375046974699,2.36440796304153,2.85628382182991,1.30625843024441,2.03257557585587,4.2563526279602,2.93806339703425
1.82517689586932,1.65384001453671,1.21643477376876,-0.618320247974568,1.07317516517784,0.401412576226953,2.58431701452737,1.93586789494159,1.74435125583192,0.147637506493095
0.470916805954102,1.53651803201635,1.24827419921415,-0.664325709156874,0.354593529756085,1.60672202984898,2.50689727115855,0.714243597522647,0.23598540362285,1.42344364753887
1.65695125314424,1.58279479224823,2.99093042034482,1.46410413834226,1.98917735081591,0.354180121109117,3.45396723904523,3.22441274599921,1.35793952003742,1.56541334387375
3.1581668623928,1.77726940584236,2.11873410997624,1.4838330934519,0.483979105868546,1.56533151341738,0.646867491796543,0.861318916907488,0.328684113206769,1.79237044804891
1.55295434856503,-0.0156806211516514,0.744983095922128,0.815554334636953,-0.279641348721551,1.51783240373364,0.665979993786865,0.103992690795202,1.41685853974147,1.29880425075565
1.42845171821799,1.66480518373127,2.39366856371524,2.15613867766081,2.02284312614163,3.00383756733478,0.547315045939853,-2.44483334986786,1.1319963143383,1.1520293956397
2.78990275843864,1.3190813894307,2.43534546440852,1.68967332233157,3.63417078753469,1.89006852997927,1.62912912470467,2.07186514125462,2.93101473423152,2.3795301976872
-0.631961596359735,-0.48954497005681,0.717887916624489,0.582425458905418,0.591782294363058,-0.501569485491408,-0.399122617050574,-0.798565112631232,0.983457195790241,-1.0107355185953
2.090643401419,-0.869039833494333,1.8396637067586,3.78268469086455,1.37357129694408,1.19416016733137,3.57076203919285,1.46044861541612,3.5456976728729,4.9742530061682
2.48046366497527,3.30709937307761,3.69315259689065,2.25335310126709,0.878400271400452,2.21581835426966,0.787315826838479,2.5961448964239,2.02240381849249,1.77794524970667
3.41766154466912,2.76369960176221,2.51379858480594,2.17212972479356,0.924190608830252,2.80897207252234,2.79501661211083,1.76084665759717,1.18660895322776,2.53751231193565
1.00747006484729,-0.804482599242117,-0.401974008448986,0.565923697450786,2.35183513216335,2.85730328285731,3.21059184868345,1.30006371615239,1.98097159961886,1.02557725285516
3.20735360804586,1.29424936794312,1.32457612888284,0.843479769846181,1.11266260674897,1.85067508487596,1.59616867209994,0.907293481741436,1.0381447887532,1.3231961503376
-0.891909958033143,-0.620949355552222,1.84851738178068,0.434852666235215,1.98579771536447,1.66329987768874,1.45567273425258,0.0750143351706034,0.382095051349889,1.8924721291393
2.46713610317468,1.60318669938582,1.64502309535274,2.95376510065925,1.28668991862484,2.35557706402628,3.52881798950593,2.47991266426745,1.69972910625695,2.04324514094126
0.116600885020349,0.0778155984938897,1.33633194688937,1.21149173175465,1.30368040725214,-0.168176392521726,1.09643358218237,1.58371485527789,2.38294899013752,1.55339628378178
3.56482306251726,3.04958955588041,4.32309519511448,1.95568069735414,3.05276377588857,2.17074980362408,2.12568041106497,4.75332397656881,1.83742378408162,3.86024808343569
1.95650574524831,3.3832577267001,1.44517558348103,1.44557997259769,2.21669249989155,2.24285071525137,3.06760598415018,1.35068502198555,1.66544620570817,-0.00275004136649493
0.761121092614915,0.386283617380813,0.917008206419441,0.584131380946565,-0.140913735788117,2.2969884437445,0.841993334623367,0.633317614866739,0.850815885941998,2.4206574466622
0.627217968681613,1.80088313544199,0.703047141101674,3.30063748505587,1.48915618109437,2.15874497085207,3.03199060481695,1.87163680263189,1.03820468012706,2.3252825966691
0.70259842256587,1.187506278522,1.69297690796192,-2.46303933127384,0.88177275711936,2.9161242508437,1.18704909682749,0.396701997726706,1.50571489376043,1.42871916089994
1.51079976475127,2.04413173728347,1.38965473265156,2.77263956655228,1.42029955346764,3.71187446036821,3.42004795565884,-0.321701227474363,3.85122548298485,1.92054225074446
1.79754907628162,1.7856618050019,2.24310213544633,0.95261949866804,0.809451198329417,2.65081497921969,-0.0401412212990651,1.95855500602521,3.06592517924719,1.94227981677652
-0.449648721013795,2.79859346036225,1.17259061260991,2.7358695297416,-0.321202540864327,2.60225923495153,-0.958980788238708,3.31682726353248,2.49424481004869,0.459802021018573
3.99199477678024,4.50259833610409,0.985678079012217,4.17943396600446,3.00387040409676,2.79204899384717,3.23876358727698,3.48659600776197,1.74380183879043,3.90422572507778
2.40037484325285,3.86223963231579,3.28488931864444,2.83348820772977,2.02463191850678,3.12228946827696,3.03492087020239,4.81654804292369,3.93588803718668,1.88778769676073
2.0222706156744,1.67025195620818,1.16375669784347,0.167228308159366,1.17460757308122,0.731102418674208,1.57044914820971,1.71834558941825,1.30588133652243,-0.354050934969081
2.41159062364651,1.86542134547636,2.67435252081071,4.44801579185645,1.46522564215269,3.49791651815468,-0.0195448295690794,2.55090649570662,0.862491155395232,2.20196326091187
3.41894575351294,3.02742089524253,0.266405337357158,0.778448084837674,0.953641386264424,2.41117569949107,2.42597206841856,2.30452055440272,3.4148003611719,2.03594692173524
1.93102272832926,1.39901596909281,1.87979442621148,1.89326757231815,2.71067063282133,2.27349343921059,2.35484055776507,-0.263640476166116,1.82768739507642,2.40783067350167
3.52638837708265,0.582044394241372,2.16964611458009,1.97663749944672,1.62783233049017,-0.335265697016553,3.03651000558997,1.04635063684728,1.84667667066198,1.07190833693993
1.13807773473642,0.228084801297253,0.175635016458536,1.14636105759256,0.324947988549432,1.9683031654557,1.91284080473487,-0.416636427648772,1.85073866755928,1.02823809592075
0.942141346027181,1.26873658499673,1.3794317282132,-0.356962354219785,2.51248815890106,0.450352714339723,0.00208882072736549,3.19429537579315,2.69782903640949,2.78418042727612
-0.0254362347659531,-0.696182247090694,0.879005833763797,-0.883011688370512,1.40222517221307,-0.392015972897798,1.13714204502967,1.20600162052374,0.603452969185483,0.932423688672331
3.39397019700584,2.34247063927095,1.57541563934443,1.18494340674978,2.86733120298707,2.2158961251746,2.69464722730596,4.18307565836028,2.02557046687827,1.73015678458209
4.89269458528495,1.1919311822068,2.06211336417135,0.348806602651371,-0.56673685216411,2.31257976874986,1.28388325208398,1.90839417244487,1.33562818002584,2.40976271658247
2.08672459811696,2.26333262258371,2.29564890375963,1.98995592360344,2.40377888453443,1.37413285435405,-0.142113216213061,1.25642093270312,2.16233004458614,2.65580196393122
1.66730360529852,0.385771772189663,1.09058160341883,0.0303009933687322,-0.17626575390431,0.781011753650263,1.94092438054663,0.182931406198799,1.30906833967303,1.42456422999914
-1.55302481905622,-0.0951600912968742,0.264581845683551,0.667044746284154,-1.52771233174305,-0.595541975198544,1.4642795060151,0.0851904605283902,-0.268757470941337,0.662700106322326
0.63708513399558,0.730600615685614,2.2187740295434,-1.52217885773727,-1.52440705010882,1.54715938995393,-1.69129198117753,-0.723562869708444,0.0277413402573231,0.378528573908177
0.946880493253402,0.359136675836021,0.870316485990752,2.89245340973348,0.00124680354879825,2.08643348940818,0.852602745019606,1.64823699587889,2.66285082553302,2.91101446076509
2.57947052204658,3.36326473870985,3.15011175477761,1.77574979889544,3.16117055379271,3.09737659664866,4.26584039657469,1.27820087191078,1.89027396452566,2.10806663530576
1.63804100299652,1.18752069205486,1.21077757971864,1.69404908416912,2.02339185853924,0.685982957303289,3.03590165356948,1.07701165625897,0.0597555801548857,0.858237041481772
0.187870896287834,0.44603677922856,0.951372301854419,0.822418026507667,0.339389031992722,1.44838033393876,2.07848503173129,1.9182142012043,2.02554242374779,2.03228805442635
0.183888751080301,2.73691369818676,1.90213689782639,4.31685407680595,0.741993993798458,2.01891071514215,1.50074366849242,1.18827963591784,2.83014474859764,1.43624583131175
1.32144988771301,2.02048116006735,1.40985144346631,1.15585726053888,0.966856651149255,1.20099058562757,2.34338063119998,2.21212076073423,2.33548773811162,1.68099547406616
0.113983828034235,1.01680976346675,1.58503698133691,2.49475373513309,3.81183449131893,2.77690427323838,2.99135426974378,-0.287505950219355,2.76802185321739,2.95204236621516
2.46380454102561,4.59023457431036,0.766900938794866,0.844250616871214,3.16043424133825,2.19512152677993,1.98917112402694,1.94356795272802,3.02100259524418,2.26412667388252
1.43630342315978,1.72270055665252,2.88843142890263,1.27059294790989,3.24328768979257,3.13018729422923,2.49970861528765,3.26507173272831,3.27118499011879,3.28903346284915
1.5170509246714,0.856261128593613,-0.276814678221599,0.129190649175119,0.0550367290760843,0.177678914910369,0.688451529877017,-0.571186239154927,0.853572711426824,0.637520581450491
4.48428774928394,1.78480454658696,2.3905008560369,2.94007524481618,1.59342039321573,2.99381465067107,1.69427672390574,4.08504964298514,2.85857724355852,2.0049875392601
1.43291500707204,1.88135666235083,1.03744506380735,3.45900445241504,1.10517103900064,0.804928128915404,1.71561569909675,2.30150285726901,1.28643360024305,0.644200802282162
2.8703140887979,0.237111257982556,1.57422727285002,0.518107965519991,-0.639001884825753,-0.220115665649015,-0.835398579844842,1.16768811997572,1.1371033973676,2.48452333086122
0.957306206028542,0.349157137246313,-0.135304460158946,1.50009471603025,1.70414607543871,0.722892702646706,1.55482323237088,-0.47714792762478,-0.0435567451321592,1.12960335631876
0.618421805423887,2.56997605167748,3.41585878642467,1.145478284079,3.26089387245139,2.459488079396,1.11555735959669,2.80985865975984,3.1559713605257,1.87207486376553
1.38056363069514,1.813889325089,0.682253736246918,0.211068959180231,1.11582566937638,0.438556290298412,-0.58651792049457,0.533927701052351,2.29221885933033,1.57888368025863
1.66796506952618,1.68176526649328,2.70036455340335,3.96497492954387,2.25921858550075,3.49022021614124,0.737566144477989,2.74160301224775,2.10894201519749,1.732959413333
0.814463103745388,-1.51526998933304,1.40593846050388,0.886272692273042,-0.287641967319352,0.122134885941014,0.449295472866223,0.339464430335425,0.891158187053131,-1.45065257168562
0.131379163557941,0.430386175518979,-2.01031233261278,1.33245875768804,-0.127566484027208,0.385603720002292,0.921087882947316,0.261822921767856,-0.961946875703205,0.0764238362589537
0.530585595935346,0.851308429627464,2.73533689551108,2.44122378687321,2.25994365153815,0.822716255224502,0.423366383817263,0.607458487633012,1.0469482278496,2.76792014923923
-0.687533257030927,1.79662174260204,0.943246238163613,0.85026692899444,1.14939640989391,1.98864955835194,1.83614981515458,0.841379243262573,2.66146125974023,1.44882879054508
0.37229112532531,0.962541234598338,0.00718480964765367,2.53713760851909,0.654225661654339,1.3136732162612,0.599933245381046,0.658989934503964,2.51043779556541,1.19308355652709
0.303474731677258,-0.594832035925107,-1.23587309713383,-0.569029475949578,-0.872871895365114,-0.3319172059597,-0.154469501694599,-0.187396721921274,-0.791257566599874,1.34656583252851
1.75709415329256,3.58551819078193,1.5572790710852,2.16871261624568,3.10299705870558,2.52867472083908,0.010576166031258,1.84696108040495,1.273829930251,2.23557069329476
-0.262195433915479,1.34325688365786,-0.774019508129339,-0.139540536205218,-0.488467095434111,-0.0641339182387155,-1.12923543122506,-0.231764963300262,0.644289740900631,0.27098858923216
1.47642579361377,1.34504782983141,1.06501839109899,0.547955275794244,2.05950247478686,0.587814705479552,2.31949038044655,-0.18525197610097,0.237395130068032,0.676798000939326
1.61973524723678,-0.304972530007181,-0.127306336859242,-0.41764946960065,-1.35036406517169,-0.295299802807981,-0.19806160659981,0.61428357805598,-1.27440393994537,-0.620387602271268
2.34307974264038,2.29379806046122,1.3745445073763,2.13080807991696,1.95321426381877,2.18756168527673,2.15452255786715,0.347597737326949,2.43501031275439,1.61864070377502
1.61830521306987,0.723648885440005,1.90346277367162,1.82883646859396,1.72266337401877,2.8690586865329,3.27339360763555,1.59603473299901,2.69414316521397,0.962080927523924
1.90191395825834,1.57965287386533,2.71503917276778,2.03636898967572,1.55299812990955,2.11971220327368,1.57379406776453,0.995534824036132,2.80619243073527,3.16263833847769
0.723609522662725,0.261465743906356,2.39751710797956,2.23349898839001,-0.862214151230849,1.32703355509438,2.27143078249222,-0.362641908545034,1.66943386920721,3.63626039205866
3.69874909461181,2.92435058301504,2.98979908298421,3.45351006631123,1.53750802504196,2.51217733948964,1.17131563726012,1.05960210126906,3.5071157315195,1.32254665107479
0.821532392384967,2.83887112481019,1.78960220124134,1.68116654774263,1.69068343726075,0.557528751610435,-0.945175999059898,-0.399930269510439,3.38132666579899,1.16068579322018
1.44608227888433,3.00251793916728,3.80555048229351,2.14716607771999,2.60501234347851,2.99449634724805,1.92303267185864,2.59357421759586,1.36870824170996,0.843901995413105
4.08796061511314,3.21355382345504,6.01088668204553,3.60713048376275,2.54549132896726,2.33357953022989,3.40202272905833,3.17211152030042,4.11839567296852,2.74468337103853
3.05678292291493,1.68206436664764,2.66077626607765,3.73803214163785,2.38078417793989,3.60144950816279,3.90358927688033,2.25454292312846,3.28931899048005,1.15203059270721
2.07407818451731,3.96005524374507,3.99665816318215,1.4194293534252,3.3344728810769,1.65988302279826,3.33067245747925,2.5215485625004,3.30486149202276,3.22669843583581
1.39881555564524,0.570940152801262,1.08360812231654,2.00200478018761,0.897259456544427,-0.888490099622097,0.180310896956691,0.261268536815946,3.78605111622352,4.21276182951319
2.00742822491356,1.90197407266662,1.30273709131657,3.39881087691014,2.42258310943054,1.78559948819566,1.2472396769222,3.48028587638576,2.02137475711698,2.71133627516913
2.83302678951758,1.75603620238492,2.17981954449395,0.782656404921026,1.25408633218624,2.50732414750373,3.98647927858697,1.76798302535439,1.47948835964615,1.94457986931278
1.48976738437292,0.649655369014364,0.314581432210987,1.80622299281878,-0.391818390595243,0.467518868654931,0.714527966095429,1.85760437755019,0.474850576817241,1.46601303113608
1.19412549528136,1.0424063149559,2.81438636783552,1.98945725248555,1.57405350941727,2.35244118155624,2.49454724088541,0.0991257944637329,2.86980298091643,2.8241928361991
3.44737857115419,0.602929843622974,2.22499063769053,-0.177613790397383,1.256528554654,1.73417305016192,2.07280389272709,0.513053481364573,1.97751551973652,0.404657155980173
2.9545201155951,3.79806019832503,3.78355654558194,2.67110084680588,3.77246906037342,3.39774383838786,2.83115248917904,4.59817286605265,3.17195430539304,3.23358577499761
3.15022476639676,1.61779565493831,0.499315518749937,2.39600972502182,2.55748950072721,1.30152072908332,2.31394235944729,2.23907800841437,1.26183528200105,1.6160301241364
2.62365301998322,1.37533435887828,-0.0573723696288959,2.92788055260982,1.14656022240318,2.23150070435491,3.54369519803797,1.27476528763741,3.65600334067106,2.95293237469954
-0.0480170013482881,-0.901283160283644,-1.14671290985775,-2.39484822052659,0.806125762746385,-1.30885193808257,-0.559919311525664,1.65640835984708,-1.35892688309952,-0.655594606196076
1.55749489866171,3.50113833543504,0.150417453678822,0.453348789809518,-0.92683914846082,1.31445244345122,1.52905766897039,0.0531609883686677,-0.00622143336474301,-0.784365358996613
3.83998304896213,1.95503220651064,1.9293938929736,4.2866945172635,3.68163017176561,1.87527017118136,2.43685782157725,5.54003244056404,1.61159782583515,4.96816510468734
3.14196610456915,1.81987592470125,1.53275276744502,3.73334750373213,2.71995543923673,1.90149801952675,1.64611112379987,3.92437005161481,3.47213457595141,2.64124169802639
1.461271900764,2.42383659226958,2.92045531294822,2.77335581038175,3.62056718833137,2.75630312973213,1.42707280564406,1.41204760825581,1.04195358888622,3.39501884996071
0.160757689708276,-1.25859133544412,-1.89878908804577,-2.34656871254278,1.9393155193619,2.59463121850425,-1.56746206211781,1.09579941354377,0.576813183399561,-1.2856857511599
0.729723279595195,0.357216298668447,-0.393566320622689,1.55201252160468,0.486219359869025,0.614702058836675,0.643056337408409,-0.606809390786273,2.27966913388361,0.839402082100844
-0.259754998258578,-0.165526162858826,2.33811286993662,2.18052180875705,2.0495583029672,2.54817563139265,1.73834342318125,0.562024017452155,0.22029831055257,0.483386807310492
2.37752713576279,2.97940551579084,1.86446761370743,2.82310834875752,1.01587706886342,2.91442743355696,2.05287366750037,0.892322088329557,0.851761232284789,1.95320791479494
0.965699671430002,1.50461232788453,1.40524420412321,0.604837443645654,-0.303756383234222,2.66481287278955,0.200103327109733,1.84737848135398,0.107314632823277,1.60636358188879
2.80890679693463,1.37285897859968,3.27395329857433,0.8345551867843,0.0151549398219535,2.71013115447327,1.71741121439117,3.11652646937234,2.43677720597082,1.43401821351464
-0.471837358140892,0.0763433867252343,-0.433968390054517,1.18350502546451,1.57847957224968,2.31151446192882,2.56713680085663,1.15265217836093,1.69710776904598,-0.176116990692784
0.330573825787307,2.4645086429173,-0.34452125795019,2.27582285473437,2.24538853887817,3.64400617873288,2.63546872980463,0.0186627686127496,1.76531360146196,1.0302799799997
3.50919255536212,1.50222108445291,-0.0439987519973652,1.49181240027846,0.385835645322351,1.73012647615191,-0.459981406516645,-0.665784051964348,-0.998276870076384,0.836416289564402
1.47966969650803,0.336236599867814,0.382391976403158,-0.714580983720051,-0.230035027640865,-0.676294358864852,0.873962106925434,-0.624790014732079,-1.01168248111223,-0.197565695098711
1.76442456935654,0.345307135425207,0.710596915413469,-0.257832150862279,1.44261204721818,1.96957550942822,0.976780805056672,0.189251228588993,0.811216877701318,1.75608997338345
3.56745074281696,1.52932984821025,-0.193194492661352,2.00890102409098,0.551517770348853,1.62763140030353,2.95715454520861,2.28757042763227,2.28455553386299,2.23357535172806
2.07259063793839,1.00797041550752,1.47209513997717,0.410530344709289,1.38962156172032,1.72432451152352,-1.88030806203666,-0.15244846695297,2.00478882878617,0.94980278617822
1.65575712356527,0.621810467844564,2.01852766695363,1.40891168886454,2.94813325904889,2.9098157846484,2.72883987162797,1.79624126028527,1.92340679635238,1.1412367053638
3.38190661929964,1.69547768490536,2.7405026035114,2.57611285371133,1.22499624745517,1.16910234889585,2.71074768271746,3.03868951108309,2.13750938842892,2.75959375204854
0.883548508807678,1.70500564380606,0.837936822191921,1.19554353680948,0.889369505085138,2.49422876391308,2.47232751411172,1.62340842238156,1.5401236860609,3.35071269481024
3.16791607575159,2.28453251129813,1.62934147179493,2.67311417104919,4.40813044331562,2.47491611958902,1.60445980721932,2.75481239305784,3.38173287798452,2.09776508954463
3.27174117845402,1.87790724966057,0.965270016652729,1.99507737154462,1.37208635876753,2.87816344386658,2.42826622227148,2.55402074623308,1.60074508648403,4.73451744224407
2.29496668871863,1.48857014310985,-0.00645402494825564,-0.0976279313705781,0.773821915194892,-0.261873864952548,2.69305842293746,0.379319327481496,2.93030469210123,1.59804421680771
0.948593025257018,1.3683066987426,1.81638090762802,1.63762503066855,1.56840210713133,3.239390967246,-1.58814782094923,1.07748459526785,0.498761778934295,2.64345776706086
2.11716292807885,1.8589957925466,1.41691868519105,1.35117190034853,0.937206105746067,3.1625233525236,1.8103947981042,1.2435325001486,2.51923515263187,3.90639111775104
-0.010217558820256,2.0207985138599,0.241559794038547,1.48482217392939,1.70548225300602,1.66057715640541,1.25694206871488,1.30064061919245,1.75588252627704,2.76191478379202
2.94932057956309,1.56607079383417,4.30554906911129,2.64992175315689,1.10929530066465,1.38170160351772,1.06337357036826,2.2110210492134,1.49039231899857,2.4353364545783
0.485822599713072,0.845920954323233,0.435123695005964,2.16101175461091,1.73056416020442,1.50151505956479,2.50893597668654,1.89364540053634,2.32771050811482,1.2311546389996
1.62711143877696,1.33029219631303,1.74506679022939,0.669764354417487,1.10515474227563,0.857798161342315,3.32197326599871,0.195041022333089,3.95753190049769,2.7963843008671
2.74664295110104,0.777352877121978,2.03045844611499,2.29697274139658,0.470133815776591,-0.249761284637875,1.3967366750338,1.40448520027635,1.36152637936236,0.655607459178033
0.882244617894585,3.5690689473859,1.48348453200346,2.40657512910004,3.48779339219919,2.25874809172796,2.39804893745551,0.836904446893727,0.658155062843146,1.16335515632281
1.51194527137604,1.94892564933947,0.696808093978914,2.81467007400237,3.11718014375702,2.00385105000649,2.38039206702344,1.91596645656381,4.17675967203304,3.26962992605159
3.8873050900444,3.03462523234356,4.82950351010835,0.958479882177858,3.73155248686975,1.86358878505015,3.54425474702041,3.49839221829942,2.35953164521388,2.72230001455755
2.35017174013061,-0.313416345667209,3.11157758271243,2.28486130261011,0.718724488434192,0.755672411403351,0.909407375864627,2.78427635186498,2.38479079891825,2.22766980953743
0.997687686514468,1.3778293886687,2.90404659893309,1.60798324059623,1.59372494224357,0.885625502377025,1.78679491814731,1.76816933560908,2.183433361902,3.21495315566442
1.64650234570913,2.7547811701552,1.34358646049758,2.03969704758377,-1.7321247661559,0.505012223366168,0.754976254714124,1.31276619360256,-0.111908103133529,2.47210182801578
1.30655947661356,1.43263304692807,0.020004015626731,-1.49580108042819,2.25685203771308,1.3151832559251,-1.95724751388833,0.416039332007524,1.48586492969063,1.67619112980219
1.88968797988209,2.66811909846143,4.39869368886511,2.91315235723527,2.25192783037852,3.30109811161256,1.89330690258188,2.21621384351301,2.25935135704444,2.06472744235096
0.100804587291294,0.35626594624025,2.11628296946092,-1.66396069184587,0.470565686518016,-0.559849591859774,-0.152149839091158,-0.742012854848378,0.122880849920126,-0.730673366215885
3.43879125972264,2.13733745508158,4.86395460372,3.28831826981163,2.61764157793365,2.01780952426375,3.19058395626041,1.67849002286646,3.02100626221898,3.21099888792363
0.115629964156612,0.85532864796313,-0.949256169942993,1.68530616859117,1.96723967898395,0.55169452151249,-1.17696790959486,0.444956434222345,0.381409456123355,1.2521294521743
3.3674730073122,1.52681328770209,0.69196217208638,0.211134179764299,1.32057572973063,0.111087804153219,0.652769944678522,-0.979313176169904,0.013202066741718,-0.874382313384657
0.842883820413181,0.235736713932465,0.938347582031167,0.656247577498757,1.65250036504586,0.491216825804087,1.6020581920827,0.229194400450753,0.652959324008148,2.25201918445172
1.3204816415749,3.68538598309325,1.55033847959572,2.65745299058629,1.525654344784,1.83799273408774,3.49023581851071,2.25888506587669,0.702884450247153,2.73855694905119
-0.466530532775236,1.74364498092584,2.21120503692923,1.49303670820476,0.342918760920587,0.63875233866853,1.76676138301567,0.572195094289137,3.90282740486547,0.764935484079011
1.90366051980281,2.61739528168934,0.961486830827794,0.91769549239626,2.91274535238305,0.487263942177191,2.30950745676328,2.1458038959036,2.00910054024576,2.27651713422546
-0.303433953340697,-0.156006513660093,0.202729093037586,-1.17345109550747,-0.410171220821108,-0.0294323904193825,0.420351546124029,1.33237913841685,-0.0623196255679059,0.0301396513320146
1.96583206412149,2.18731320240477,0.350482528085183,1.39634552570856,1.48370794622781,3.57926421948472,0.478490643840626,1.7035441365133,2.70902585674722,1.97070762202281
1.33355065453475,0.591742751072697,-0.455443176708781,0.076095232954126,0.0960624408868219,1.49991598992946,2.14430996632788,0.370364569233506,-0.388530926282405,0.711038730409576
1.93401739726388,2.13956933966257,1.65632510468493,0.180460984204302,2.38751256463826,1.44989134453274,3.43603008215534,2.15445767160335,1.3375966759768,-0.0880348343454611
2.41793574368921,0.0926207226865111,1.86067971091381,-0.00142839458764144,1.16460511478889,0.270361849748202,2.72503842971817,-0.0905638178370929,1.99517385780621,2.09585869607997
3.02807764437918,2.45762098413808,4.34318955645331,1.73300738041931,2.59361300227515,4.09700024926608,1.78113843221119,3.8548658942001,3.03835576689844,3.2356469667723
1.74906810049567,2.29290746640415,1.01421782406107,1.52151684449049,2.58206130948945,1.6950824339803,1.64779684346831,2.83173877258161,3.38548748600051,2.2812702868654
0.128291058499353,0.580585476189837,2.67721926552064,0.6270397249781,1.62656660713337,1.98228132320261,1.14591362826874,3.25816353541655,3.20871134835742,2.8056402550019
3.08831649853746,1.83032548594914,2.53228988363552,0.887443043946585,1.9974672451814,2.11466736296927,3.16996356718213,1.94748954496488,2.5864775498673,2.29732093471874
-0.484754225237589,2.11108925716448,2.34239326503757,0.30086385099365,1.27730416069296,1.56882208875295,0.62788689477399,1.84719419963275,1.40368001930246,0.048167970359645
2.17498293917262,1.53228623394433,3.13245025261161,2.89708212289883,0.363840359759673,2.22072656618647,0.293570255913717,1.83599557154804,2.47948717731482,1.46860611967973
-0.571017342545638,0.249538355124004,-0.720102637437866,0.580661049887857,-0.769162433214353,1.50508109159715,-0.401446706442933,-0.0989080630312933,0.198741634139561,-0.980517130171641
1.60534509403171,3.30900505443902,3.00895571439513,2.59665845573754,1.37262541613758,3.16730802771916,1.64407601037981,3.91893762465948,2.66512914046653,3.39184344068351
2.65100298809023,1.78539392644351,-0.356997579266454,-1.00925257483939,0.932197896864925,1.07627973740797,0.0676549947103815,0.119417488152548,0.0779263967479742,-0.0402289189050652
1.79989817387753,0.688093812244362,3.72055924968816,2.18559563422425,1.05568210667756,4.14587127516866,2.59736136426168,1.63555846881024,3.61215916459993,4.08236667791796
0.323758067503567,2.43737503363074,1.74958682904407,2.15978589042927,2.68802550372602,1.61930837612272,3.45558077935438,0.703022756247384,2.65219242112434,2.72010614515426
0.869934508078827,0.057438927031976,1.459359621165,-0.347355743164049,1.73232986283886,0.092796221549706,0.184938229773966,-1.52323879494901,-0.0943550097720602,-0.161263758570209
2.51852801098841,0.238657103639469,1.24875725978075,0.946939149449152,1.20947415758345,-0.128196826606568,0.320372044161872,-0.197322547865385,0.283996810346984,2.78048894343241
0.588572917317163,0.457934447425883,0.596716858001913,4.12668975235958,2.02023565229242,1.54082547115936,1.50278634378334,2.38851623098735,3.94817212261994,0.818717099081166
1.98985851109923,0.455175019696648,3.04748631089261,1.95601466092541,2.27223924126975,2.4725545154106,2.18214078804897,1.98136310043667,3.92684871393372,1.47414666321557
3.44559129350351,3.41437959958717,2.70138409943683,3.24680999949569,1.54768511273412,3.56255812583439,2.62858391913154,3.79102698890047,4.13355243008199,4.14136081647307
2.5588579793525,1.98630319239813,2.68154070318806,2.54934650499147,2.82845427456589,3.30624315137056,0.639336072418835,2.24120113694314,3.04462562886677,1.49218555875902
3.335420939285,3.7572952855667,3.42484617418313,1.74597063419137,1.36988986614552,1.68023950439253,2.75628326695788,2.68172714242988,1.05715652248431,-0.438466917964263
0.138447519638242,0.921574172899044,1.06551303758442,-1.21397827118036,1.26682229576126,1.72283129336768,0.887538676737656,0.95177682425474,0.945106377898438,1.27628797670636
1.59284084451122,1.76578214000174,1.94593346540204,0.829779990168205,4.29355881499495,-0.126394220659166,2.29716353074783,2.0540791360493,2.75885543789437,1.35963011325387
0.482930471063189,0.173183728558469,0.81921795419434,-1.39749891082486,0.0549665599505467,0.734056486321767,1.77125484607668,-0.04151177587399,0.219225505012465,0.415994661510049
1.80865485719862,2.72549236359976,2.91551235322503,3.13777273397416,3.12209196829841,2.83489943076202,2.66563033840201,3.89219563964593,3.07815241595956,2.15786268821999
0.612608507121961,1.39996278346655,1.26552812781065,2.4484638022896,0.376907274049203,-0.220161631189438,1.07598529171651,0.11844092185419,2.68723741548987,1.56716767103946
0.835775030279917,0.827104874588665,3.32472833995469,0.833926707535145,2.29216102418039,1.65148386911974,1.70566637276369,2.46591015179841,1.65316625305997,1.20982691803588
2.97380131124057,2.7954380199662,1.72703026005778,3.36799130779337,2.47983891773246,1.28755878965004,2.99139108081038,2.78820644512427,3.98465940639769,2.25898383696483
1.08077957632467,1.01432295931022,3.36079273602774,1.35601320033627,2.65215146873379,1.24964787796877,-0.0930016125062938,2.70272094828716,2.38573164188055,1.52052699701853
-0.0235712480296155,-0.0945753538830205,1.13573854758071,1.25995909475658,2.68102640186321,-0.617674371937669,0.171997127317014,-1.64184532664256,-0.134753200734317,0.450433778717009
0.613037383203396,0.76261874013323,1.45640897824124,0.999711157652506,-0.509853426531019,-0.305210874154548,0.574779266445335,-1.05761251324606,1.75799527209041,2.08876926162428
0.662588331034762,-0.735999341312392,0.214980403818346,2.11172906400154,1.02342917132062,0.463891526864965,-0.487394186337121,1.35113080628405,0.531848082731408,2.15272998290301
1.52371392867174,2.21071991667294,0.273544956948546,2.1552160405459,2.90169780407626,3.12650682244677,1.62190662448068,1.27692646032325,1.67440019251056,1.21923860687952
2.44757653554657,2.72896132944395,2.25824229750868,0.100097363332504,1.17445423460099,2.08135720100809,2.09329461342701,2.58448678025082,2.2043122144939,1.21613470559519
2.75726949655912,1.80959249363895,2.26582064704078,-0.962335829121738,1.40717413012073,0.965013741814294,1.96999149982036,2.53175768675954,1.45147858653432,1.83786548696768
3.89660465905847,-0.268733053187147,2.16787522664281,1.70821000763434,1.66367621115657,2.55422471351046,1.02203055544158,2.84821462408304,1.10811069916541,0.133073806562556
1.06445203147462,2.04323827830505,2.7543269965358,1.9900688351677,2.17729469534656,2.76425255653471,2.67293498493795,1.43492410221446,1.01252484787215,3.49694006027128
1.54680663295422,2.73222909931135,2.06999822499677,1.87660281860258,1.68622458220653,2.29268854508106,1.16097354258173,0.91932654945267,2.40416386185322,1.66561038353364
2.35228618325018,2.43789863922978,3.86620523770405,3.33120687543624,2.45154733889912,2.85554201037513,3.68596161600891,4.54417745191742,3.28947125815443,2.11550849284401
1.34241558159614,2.26996288202637,2.50746984292991,3.16676906000302,1.21801938340593,0.213849909226177,2.51086393511317,2.44651776630737,1.74143593948418,3.09900214185141
-0.474449376616609,1.57526317125685,0.315672874243243,-0.320428541440144,1.77829858573952,0.155754375754539,1.25659143218185,1.11937867715416,1.29292037166987,2.02286924761318
-0.666221870051326,1.6861161539732,0.247122522539454,1.5999022881056,-0.777202378493075,1.25421015564519,-0.288937532011933,1.77978532688873,2.57878128448715,2.03775341019281
-0.659812658620166,-0.265711688602479,-1.58456168774253,-0.0440335717315519,1.3467338920872,1.61285391535407,-0.0874997243566357,0.564552781800015,-1.40657097202672,-0.525816074023719
0.980465322027769,1.10748724522319,-0.109037090809961,0.160653596702218,1.27265014656382,-0.470993065510029,-0.992468552684832,0.726391496989474,-0.00476727209453624,-0.844216869496366
2.40538590183913,2.30676890517427,1.30183176394114,1.91119393079781,2.9090910680139,2.51751595420465,1.12579688897784,2.48649660488571,1.71628432223177,1.8711257281255
1.35749889435542,3.96067310012985,2.66413622221645,1.31028102733823,0.944737165253046,2.53114015040168,0.862939244533494,1.33434961477167,2.34017821251758,2.85040699342986
-0.0359767164072959,2.61684599193234,1.07297074131803,3.02301152500869,1.78888174923027,2.26692677299149,1.48432513928882,1.80970186382163,2.86462747390924,2.92912533943228
-0.727803592904123,2.44933925861547,2.19513785431349,0.811677892729402,1.28181941252611,1.46317596346293,-0.186005836805877,4.22628588581602,-0.0836798753880923,1.27156284600187
0.237611783796487,0.608398288512189,1.7902415455024,1.08350910869973,2.82891290122237,0.516868448810633,1.44486341327009,1.95473087263798,2.73866310528465,0.189841495555439
2.22504450632491,3.17725404248817,0.905577510990772,1.32524965895339,3.76771735843539,2.8716200231526,4.16149375049426,0.935590950041023,-0.171419964274476,2.90400837934694
1.29772103884208,-0.136574873700768,0.800228550559912,1.19335364892016,1.87897656058437,3.08373517216618,1.69311234908957,0.0844575582841954,-0.72611280727396,1.55652730553825
4.03601640965172,1.59476781265352,2.35577014377872,2.59064988555494,1.95920950767528,0.513486232094436,1.90736788600388,1.87813560266994,1.28680489527517,1.31735435701867
2.61492256918189,4.02511389692418,3.27967390330316,1.77616689947668,3.55560939040636,4.06949435179875,4.62275976453475,4.58784910540459,5.23652921122948,2.05322521909495
0.646910664142479,0.523109838939611,2.73970345778409,3.32821521811803,1.09264953062912,1.03287332539429,2.6547384469157,1.24604769239563,0.365410052689014,1.85340518139083
1.71180688863533,3.4958887296782,2.2385459321308,2.09099935282512,2.98456432770893,3.1274858761276,2.75230984012935,2.88657080464365,1.74634574568441,1.57905595084542
1.3009319192971,0.192409078323391,-0.831883515997557,-0.376153767189079,-1.04392594764653,-1.35986886327315,-0.00973118043101793,-0.846680376885989,-1.15052481792686,1.4740303450022
1.7053113140737,0.357951150905561,0.22945684504122,0.163560363150197,2.47760625326929,1.40405078336721,-0.66012201209914,0.106830815518756,1.03562448291283,0.974997788725213
2.29240349372949,1.28727286370616,2.01248243745226,3.28056526489669,3.02983746053539,1.24073329599727,3.03150035838964,2.82051753028532,2.73683675223861,2.67601802398471
1.96858106449323,1.63484906248181,1.83642234289833,3.56878506829884,3.38021279520747,1.17169046724191,2.4549447895101,1.23015054228012,1.43968126170501,3.53803341182273
2.7032435343015,3.6889129773417,3.24427922287464,2.28514223390072,3.79151655887316,2.70636440100161,3.59891353157215,4.35939688478803,4.47602410384266,3.66018568970154
1.49359051836271,1.36415704232459,0.226661433409406,0.763699843074696,0.0362145671672095,1.37078072246898,0.748199147959515,0.847352987380971,0.426897926462425,0.0637772155406163
-1.12963814749422,0.960016080029676,1.13640440233945,3.00020783066333,0.665934003355955,1.57769674232915,0.400137632334294,0.00776443904609647,1.18152148154487,0.480554184624415
-0.378142144752024,3.50832983902827,3.29362363673632,-0.359771439194506,1.60065035697806,0.836704110577132,1.05128596648019,0.576823513570931,2.50980258790217,0.963154343481
-1.05804826701692,-0.219205835713079,0.128594091670801,1.40539601235601,-1.75502581722561,1.36679190892347,1.56028267828298,0.405727113730633,1.72382233341403,-0.0339679014820843
0.497213569659964,0.0784752926708907,0.547728802067267,0.318900396660778,2.06088089131802,0.310802532798324,1.47182952360257,0.656681188037318,0.946522398128627,2.17481232448459
1.35240936024122,0.680448177363039,2.60508109837681,0.421336046906713,0.766039830834449,0.272532027181725,0.661006699734079,1.34610155062649,0.998158386433951,2.30237148080699
-0.158545771188945,1.28067142180374,0.767608815291914,0.775649570519254,-1.33412154265904,0.328212444305979,-1.17250568741205,-0.270456254596897,-1.5788129347991,-0.72548468850745
1.84052505323018,1.21848056927558,0.027758880105038,1.20920597779535,-0.544332684688288,-0.59715316049719,1.21754120859952,0.319539381609181,3.53401067000181,0.771065045401788
0.30260698798493,1.61683363344715,1.88268913424317,2.52392520794853,-1.02262977085189,0.567335152344654,0.954874671570314,0.298103113540625,0.577152377084341,1.3727983906871
3.86851430329277,2.89178542175625,1.59643425002407,1.60194628168799,2.54391593868044,2.36577354865842,3.00476417979043,1.74072122071939,2.08465572596046,2.54277613709428
1.25752056279454,2.45573829328047,2.32421552025111,1.18726577101973,2.53683064576939,1.80362715010006,3.0697273826285,3.27777774648195,2.523602438057,2.44096951241247
0.153323082300286,-0.252651621030481,0.928617553427626,1.58319551196322,-0.692174394078206,-0.01957729221414,1.29472485807059,1.17483008524754,0.593262844298139,1.22044755252171
2.8726710168812,1.15175011541813,2.37969279692614,3.18022237722458,3.76656594965681,2.52596209701704,2.76373460396899,4.57115717156367,2.90908545353809,2.90668738142141
2.11515415379068,2.08748064136936,0.892449705271835,0.222729438558535,1.70148867637327,2.8801804731085,2.28177418609659,-0.0539150782985947,1.57648269322073,1.20253694611477
2.96392306733809,3.11569165129267,2.64668290977177,1.88287584731396,0.619145245499682,1.52298440517287,3.26539705215113,3.10927333386113,0.799696416209694,1.73637150387733
0.0573254667516619,1.13877512519175,2.12698370848182,0.280638784015127,0.0291586440168359,0.325672861052856,1.11437699310529,1.42724485476007,0.543555097675662,0.990661966511969
1.84731335530749,3.60093147357982,1.74251646558071,2.70006022535433,2.09792493668432,2.26544896098567,4.22735081398737,3.57573558211434,3.44960427844164,4.37385110372392
2.77445627231861,2.17966581168112,3.18210484332085,3.47143655031847,1.7480683129823,4.6714520020087,4.29082733822928,1.97510385127293,3.2303992064039,4.36046010134679
0.800350316217863,-0.0206276338070481,0.146110270855212,0.148273402205057,0.87740247726635,1.20098713177562,1.9673758315108,2.2843727762262,1.14444340952039,1.49816078526348
-0.458771509649923,0.585220817102237,1.56385810775326,-0.341049991775232,-0.625322705708156,-0.454718829708249,-0.364781987058851,-0.753375910007108,0.591135310066575,-0.148538553604249
1.4895157734198,3.67572099423271,2.75732367760452,2.40747770982927,3.07249403179395,1.1802113936965,1.8165716443117,1.73954365145804,1.48341922707953,1.33927434146841
1.85554268130109,0.731821093623407,-0.837020527866477,0.677299164804258,-1.20697608449035,1.18352468090003,1.15233038182425,1.63757221648512,1.19512727908523,1.55169036391337
2.03915348156092,3.05058378840752,0.611976668573309,0.708158392947063,1.90378528716126,0.920220994686942,2.41177322988137,2.06325942999042,4.25507542340063,1.00937022572589
2.43049964077067,0.0835405421077473,1.65736354990537,3.26752185278337,3.57054549056827,3.32231812172598,2.69128293979808,3.74587815357874,3.26657432444689,1.83771374364128
2.05678174351822,3.20352013660786,0.077699368938325,0.254802395702343,3.78467614684981,3.30323457217468,2.12732635790412,2.1653270207015,2.84992112125321,2.96318281126629
4.10011821980948,2.87266756792152,1.2793918487453,0.422352251580576,1.36669824820327,1.22775241917252,2.33605238698196,2.83194350782098,1.04108993344436,1.90243630083468
4.32154958679738,1.73817649941821,1.7495419501823,2.23022104736834,2.79132672521846,1.08792501668462,3.20182857285628,2.11167137030455,2.3808753262413,3.07585628079992
-0.538219297067134,1.74549652103709,1.83370786257908,0.36415695339114,3.17494249149097,1.92553873915826,0.196914372887424,0.697275158250334,2.85176621481695,0.130136804059534
4.51055440133919,1.41638497001224,3.41546648100531,1.97637820558361,2.29344366508568,2.70098766093541,3.39096428871048,2.3731374780197,4.01612211894015,3.39807834348709
2.59449569754348,0.759995318749699,1.2206623852166,0.869473182917962,-0.143602751134296,0.996425940036875,0.142157650185647,0.914837726437622,0.367754967420765,1.51215787141561
-0.351254924751622,1.13336358625058,1.63265748644738,1.182442899268,0.491212242021334,-0.179526426442326,0.134724907715447,2.71214642594324,-0.500156171907318,-0.19444154409055
3.44693066188395,1.9005393291127,1.2574001212416,1.54654445119456,1.65835855551391,3.02616095191996,1.49078611370188,2.54156242614155,2.16683538467833,0.282880615508216
3.37803912369127,3.52444779055062,3.36814236749385,4.63795866749191,3.87504910292753,3.5959609342323,3.53970389280576,1.51933827216556,2.66487197953268,2.85268800086227
3.57631440862376,4.0855971287988,1.8581304078051,1.45069499796029,3.84472578058811,1.6559117806699,2.88895068150753,1.27864957408188,2.99479399338921,2.61757397012604
-1.08124654950289,0.635248159001741,-0.0427105250603685,1.44710098983926,1.42997943941326,0.783107956264292,-0.301196114501117,2.49982911076595,3.00288098310069,1.35706150260682
2.79832544037434,2.09187884121929,1.28493978851474,1.03991075118509,1.89226953056262,2.35983763711589,0.180679406141704,0.550671892762814,2.13320247453242,0.949671834851083
-1.66371505342564,-0.274941995039308,-0.407007365070079,-0.59372947682776,-0.546327799435254,0.413926242431241,-0.843950621124821,0.398697166998221,0.582425861699858,0.449477763361537
1.69564677293635,3.26924169267086,4.42379739350775,3.75237723058739,1.80908354237808,3.77806444137802,1.91548758433088,5.59338068659115,3.03688272271964,2.8148143943502
0.978444503225665,2.12409497712648,3.0312599817773,0.685844067606241,2.61886529494595,1.15231417348792,0.635537202178879,2.30533433473939,1.59026017074002,2.61026645144995
1.64259707439307,-1.3081877890528,1.20507429261373,1.05899373949717,2.51873339671391,1.23731379408251,1.68948907422189,1.94014227397614,-0.282286706060493,-0.355907072400066
0.524273061786014,1.17860708840449,-0.573130691246754,-0.0359078615470916,1.35300741613607,1.3381719931364,0.0280206820630138,0.471340218031268,0.416959233190154,0.00269219816009758
0.795575288753087,0.329831492094352,3.0313710464402,0.406585584687635,1.875469853714,-0.137978813508888,1.01873811257654,1.45658815158699,1.45741560613054,-0.247091832489718
4.42038885400501,2.89451084120494,0.0217621935318166,1.92348038380611,0.875871113762883,1.74006978646119,2.79427636969095,2.05961336602173,1.44240457448402,0.605622859729461
2.27499748571446,2.8161479230262,1.43270886617277,0.420691931554814,1.46831222137136,2.94577967959244,3.34975197003854,3.35377872947281,3.5212991400849,0.66607474382795
1.80552415617493,1.92409110575662,2.88052644398049,0.44565354329367,1.98675202632541,0.831856597663146,2.51431923984858,2.91904723914561,2.63013984225937,1.72173459484591
0.71659879330097,0.193840190908193,2.31131994120421,0.783926545030796,0.0303557778967455,0.86174763309566,1.52495558244678,1.97944884988856,0.637394068511844,1.57964098283838
1.80512564879032,3.34079045714632,0.935231572118852,1.76702221141519,1.94881923055123,1.62257397749961,3.36956490945324,2.47799608476344,3.88033803006423,1.98246488404571
3.92122081130099,0.497161933677062,1.62593275239627,2.12648433624152,1.48933735767136,2.33785830320268,0.837812409501213,0.627067950895414,2.59063576802911,2.94481372357315
3.49740643465295,4.03163344521538,3.12249658685234,3.37807202373419,0.893508357101577,1.97702922492787,1.07090544165739,4.34171246503218,4.45560250004422,3.80511896719348
3.5467684650253,2.25363936874228,3.53329103168061,3.10248749039029,3.90466533296661,1.60861999702168,1.90386458550456,3.49512997432274,2.0747753000118,4.96404273918437
0.404524792235039,-0.445659076872662,-0.627824537448258,0.0126674881818833,0.567294065124955,0.125129263865124,1.18269992646468,-0.542867765012997,-0.81371183670761,-0.654921739610913
0.771588697978955,1.72094952969625,1.02483112234843,3.78851837228669,0.227480621139775,2.19466379641246,1.94106745172046,2.62218056085342,1.80327960713052,2.39318734717511
1.15733026484145,1.59240108406797,1.96563950820572,3.03458309133029,2.13107428221042,2.03425234623688,1.9069745432748,1.46999450702966,1.39533962436586,0.74439642400989
1.6327868968109,1.52003915703231,-0.2535163358292,-0.452961630819309,0.61005919550321,1.91688602725786,0.428649896380959,3.40454825522099,-0.773849838482374,2.38493032576036
1.20894513855479,1.05517910196169,2.72605106539981,4.01099888965175,1.04955010641907,2.65243151142591,3.07192985373237,2.34584003701249,4.36629572548123,3.54029215927912
1.65518267929682,1.7991740227346,2.55893473279177,2.15536607605107,3.69666150279818,2.98837501919794,0.152800686153336,2.55844820721669,1.46769800183153,0.942967604592593
1.16252394508804,2.52340978021903,0.462277225657393,1.50015981219012,2.11137479478156,1.13468775974818,-0.506406525877281,2.73716245799838,1.09267372344891,2.79589401887801
1.91870396377221,2.24054052136586,2.5740503626332,2.99534022980367,1.34930026135009,1.75395399681882,2.41354598835595,2.51425313960423,1.43169972171909,3.17646434573219
1.06126652472985,1.98834997632941,2.65552379421604,0.30753172900604,4.29489192330198,0.698246199732454,3.72972236828167,2.53824385483991,0.776329154440574,0.426472745249823
1.95929406755492,1.69178892989401,3.2014791595727,2.32724457678324,0.676345720790171,2.157781498699,2.54035698570434,2.44799039977964,2.41599201779369,1.79225901470023
2.38756432789903,3.26099138663642,3.23299361874745,1.22997434324671,4.59404361743077,2.2778703970347,3.21810205047964,4.03474371071945,2.30471066236278,2.17980777653402
3.1961234778944,4.25343378704625,3.40687480061089,1.25381655120793,2.60746197417285,3.04812937876848,4.26631193468894,2.7928687932179,2.77633605291039,3.46350150768223
2.17218948489084,0.77709623815221,0.378765573642433,3.57834563856614,2.27462612618194,3.48129204417503,3.66309773725917,2.27174738713786,0.331146972429698,0.170781885009779
0.804126445534628,1.38711472737726,1.18223977804974,2.00556549053024,3.00114768200287,1.13212254952111,2.73814757327227,1.75027384989232,0.420849158645583,-0.394250502408275
2.85358813436776,2.86334215982613,3.48021814441764,4.12087351872757,2.32429731154949,4.0164291336502,2.93369939056765,3.16936005439349,4.60553208122957,2.61652565191028
0.22808917507791,1.41788223671342,-0.986445239522303,0.137476008165775,-0.24849086288478,-0.939646901899582,0.529632778702519,1.43673943020972,-0.272286127459786,0.154352390363278
1.67350953808401,1.3872925319373,1.41711585424538,0.75353395975943,-0.864430121854236,1.74379475133412,1.43480544105323,1.86727511851315,1.7750270037148,0.33750557422669
1.18485142853805,4.62984982263093,4.41939129534252,2.22644014170056,-0.313315610921109,1.78721274994832,3.63455369261673,3.3686112195623,2.45765354155517,2.5953642542355
3.74716867758861,1.84394307934638,4.61314808334136,3.75553193373906,3.16371931699482,3.65735170550066,1.6415311443022,2.0497226241135,4.00335403401845,2.44916890343017
0.420091296228723,0.959091486189395,0.95757253429169,1.96941670222605,1.47546349253839,1.26810343741809,2.62925294076293,2.45353495693853,0.650869812986056,-0.253980518075633
-0.354028854567928,0.083310997553528,0.0250056083977608,0.693920955762799,0.297550886085807,1.42403937111704,-0.179891882288118,0.298068574266614,-2.5576072182405,1.09147546792651
-0.250294221582796,-0.0553102190803092,0.0749340698007556,1.29362580096525,1.07808713057091,0.876223421251919,2.17024377734901,2.33787249747884,1.30509885424053,1.07896020400411
2.11362727737505,2.98723158887893,3.34838740143009,1.91164118482602,3.28723024941693,1.96803331049865,3.91259153216812,4.04543332253694,2.73110055608563,3.42371103407497
2.48024472973627,1.49406678085014,2.65895818020011,2.82942958760619,1.74190751683612,1.21604451795729,3.02912980268738,-1.10157130631716,2.36089767446171,2.11156642834226
2.01135246858386,0.000267988292423804,-0.0132497517138028,0.437721233984956,1.36492326892986,0.882218584180146,1.70444173590978,1.09042533046631,1.17971125300985,1.58728311039792
1.25754694741598,0.928665582069135,1.88624086754558,0.890751988289947,1.09687349990304,1.64868617495893,2.40567451168152,0.780088973369201,1.23670130976167,0.573086015868013
0.740636603814218,3.4375398222363,3.31906511774483,3.09548329869039,1.94758721682033,3.23892460419294,2.78076478249007,2.36228078850404,4.2279791913142,3.26387952939288
0.885936947022961,1.91929917481163,-0.2459498139023,1.37394107500404,1.17020623535311,1.09156455662105,0.522905518263047,1.29667770311301,1.14072485719125,-0.087287666268925
-0.149081459858038,-2.25704857624262,1.37157208564821,1.6088569100845,-0.840098116140155,-0.439873666514353,0.710111293362863,-1.07604870270889,-1.35875011826627,-1.844694252003
3.08903781274935,1.51429604359502,0.947773549430194,2.0065158563036,0.85307747793873,1.39692261663416,2.65713181015572,-0.243957163791786,2.49073479825336,3.86798701459645
2.73079706712091,2.23380400979944,-0.610552578137089,1.60901319804416,1.83447039959379,1.43031261707791,1.29897967660235,1.27633979294832,-0.130015479795031,2.01932456126244
0.236759067479232,4.678860535039,0.298827268474587,1.3463641577541,2.42749560167343,2.49921072725906,2.1227627814507,2.19486664077697,2.48429817706578,1.29124033458492
2.45501713038644,1.09702104646528,1.00855877186741,4.72632323768273,1.2641444669234,3.13442000297943,3.18466857855021,1.5133510364291,1.3934886218909,1.44857200295116
1.12128977504584,0.538497053365393,1.81831875619321,0.425328702834318,1.31317802155647,1.46067063762283,0.685790208345562,1.23089472084447,1.00151140021383,-0.986526375087249
1.84837347871917,3.33046226164199,2.52301499627624,3.08992487793362,1.26494654324141,1.87259496948272,1.65915181786079,3.18136089489981,2.97714024715742,3.2702280163625
1.02226437351607,2.8503795479172,1.33354863776704,1.42405817313303,1.94618065440179,2.7112535886813,3.8383958814305,2.52160263688433,3.56087310325326,1.15970724334121
1.10998686657662,0.896490070793841,-1.33027902342391,1.07270784890521,-1.96755976631396,-0.0320653983343249,-0.0946851490482907,-1.21780236000591,-0.56684507832178,1.78883566256687
0.825284599555434,1.69509944982168,4.07881316305966,2.76093750112523,1.38774826130273,3.53197416099067,1.86816154544744,2.48509500583854,2.05355618110198,1.45939356509186
2.58782744398353,2.61279423366866,2.55170280328821,2.23676208859587,1.01113181776986,1.29828596317444,3.47413484816569,4.40309680651118,2.46157144236778,0.839317237364832
2.75728983657108,3.90615941791816,0.773216518871677,3.16039357281329,1.61566120257485,2.72331403002673,4.23330906399136,3.30380885201354,2.56981803702159,2.38258584073778
-0.465525661976392,-0.0350422525773633,-0.195823878369442,0.0286968666060735,0.317007726101357,-0.0454521571010869,-1.92451459000806,0.699969644679367,-0.835048335017343,-0.961292536933543
0.659255461649517,0.871845800864816,0.844891038558393,-1.79547690423566,-0.917309643556372,-1.17128229996702,1.05933669137827,-3.18713764234436,0.418534324325245,-0.390881121515148
-1.2880401106637,0.204934465803071,0.216418786236674,0.386804231483984,0.727986711441326,-0.28609497501262,-0.206404531660864,-1.1529457889033,-0.322572874148611,-1.44326077272819
-0.448057155987747,1.47309694556908,1.12090052881812,2.36092066920343,0.579284501665288,2.61971559752227,2.9859684970311,3.82062529495528,1.3820388601258,2.8304016209955
3.89391124901096,2.27237352782193,2.85244395798973,3.47427517685763,2.75243760302702,3.1139643101606,3.21495590896056,4.15700655421317,3.97048028348492,3.53890656811181
0.23808550501515,1.07317452885991,-0.919703308715365,2.02310685950732,0.184512462399306,1.27838704219091,0.00208523804079841,-0.440644406705598,0.344701233416558,0.322627717309963
-1.2663131426341,-0.0463261864860245,2.28820199728242,2.15246558421841,-0.458651222195789,1.64657013060617,1.41896733172385,1.79665034204496,-0.430564474848679,0.668823929012186
4.25547673854664,3.3470490633898,2.66926473395178,2.87184989064373,2.18903774986005,2.94443587550245,3.24267281334196,0.715492133984854,3.6268165424878,3.57796521278667
2.94182517167101,1.74909908992742,3.49156615714361,3.57974869950997,2.168731575998,3.93235628304398,2.484719010745,1.54012412660329,2.71456655408663,2.98716228516557
0.685209597784097,0.450308113284088,0.286139970171713,2.08000246042609,0.456045925798489,0.615808883443025,0.0353440971771054,2.06493821718723,0.464359045716329,1.18458148914094
2.81574725906278,2.67833912585437,3.27174451174141,2.97022968398589,3.15860769445229,4.89768376890386,2.07085451111208,1.88055489096386,3.40937829229246,3.43890079409457
-0.203672738868581,0.506278084544996,-2.56075596099653,0.128190331400913,0.872691411700709,-0.866419177571392,0.098517854998394,1.87747596329153,-0.00569795891918681,0.425589342886724
-1.39217567149212,0.809923274996589,0.0769150198805619,0.0153841697573517,0.538878591593696,0.217039826201291,0.798833041684809,1.10564231178572,-1.269856153315,-0.536865590243912
2.1357428720958,3.17740499685517,1.18420987761411,2.75082128801777,2.3364372506732,1.89306057490978,1.79467060131213,1.31951030516574,1.77393915335755,0.65643589259792
2.05797819269285,0.822207607476634,1.14625072218685,1.94228644416076,2.29012533662628,2.41270396163596,0.452491766201762,2.09048792033678,3.04615142241043,2.45562113756758
1.6711280069945,4.05353950875221,2.27530665848178,1.9915417535701,1.45996925823155,1.81578793746955,3.44152703023167,3.67739682011452,1.89221422842747,2.04055105607536
1.57707610553478,0.416016998366917,0.0145510421573929,-0.362660972528158,-2.20863659688526,1.24862749580058,0.836975702818328,0.511252933714053,-0.0483965015412123,-1.09042384635057
1.00740179488844,2.83609657435048,2.28584784949361,3.13314732414188,3.11106438859913,1.8547623712901,2.30571618603931,2.31330783282638,2.23791352971811,1.85344383367043
-0.137701447105525,-0.0286882974274372,1.41238455141882,-0.0828235855166744,-0.803575334967591,0.371021305461691,0.962149607148195,-1.75934585629155,-0.719507136671437,0.333061863560373
1.0881336454499,3.30027269240261,1.97576788396287,2.99389478374604,2.55011122891728,2.26022404069424,2.25277096252197,4.82626865489672,5.04629139193388,1.50585513507762
1.1262152169626,1.86811652190337,0.261215405085777,2.62327376416084,2.66959107084094,2.37578942701721,1.10785640937544,2.12226715379369,2.46444597559788,3.34832796419882
2.10453592690852,0.511482824044702,0.41567450538945,1.70746759544097,-0.185315445679711,0.435945479984608,2.1666751362327,0.887397945702687,1.55628217030146,0.507719360572641
2.47583729933004,1.43769463000588,2.36362832879983,3.16553437415898,3.00013317148095,1.75533991727539,1.02817089719722,2.9090563440563,4.18353346365889,2.88565916648774
2.95991703562797,3.2517464088539,1.8681724772355,2.71200629627144,3.28055371298493,3.92371758396545,3.09054897802037,1.88079323361471,3.15727240252725,1.63506342986523
2.98760276095955,1.94808455043743,3.13682096408383,1.57371549799291,3.70298902687017,0.738533113935288,0.656616625205426,2.55069050876414,3.7696858253583,2.69577903139556
1.66926797489941,-0.386249659408163,1.39557727839967,1.16814646926257,-0.317960834522476,-0.87165724717763,1.81701281103718,0.00737335501906555,1.31596791570951,0.584600538155246
1.23073785173546,1.66946679328224,1.95806560522668,1.83823979310711,0.391565688979662,1.00223980063062,1.7018860659172,1.43524770340384,0.412139898814448,2.50147089171587
0.115615122886366,1.51523278154018,1.22810216698387,2.63293958680161,0.500217293008998,1.13595657507354,2.49221239699569,0.60497126223942,2.17273731673216,1.04723685353856
2.54716147122983,4.36013625136424,4.64671063959785,4.34994075405718,1.36424003187284,2.82928645879723,2.78416539639562,2.42259085938631,3.62814103922734,2.50846688484721
2.63907225392134,1.65303644880361,0.268880040551183,3.57699528141144,1.67653095043766,4.45859411717836,2.74901684127397,1.04439994206023,2.71732764761215,1.38084329290675
2.24925835629702,2.52787059106488,1.71719881434306,2.25338525884017,1.54909223569417,1.65395011113353,1.31921433468076,1.04906184824703,1.06725015741477,0.740546332563369
3.33378585478303,2.31982832846888,3.59902091750076,3.38693208339089,2.7770219279506,2.26525768637286,2.32991581825086,2.07239990756453,2.19440708847645,2.16762103392763
-0.0489827111325256,1.47646365550031,-0.172506587635402,0.554748516242091,1.67433435618508,0.0472515142052527,0.238781530681085,-1.86167137037224,0.448408880355888,1.50918431494919
1.91978472101611,1.29578365043663,3.18043041826154,0.439803286457435,1.52263832325754,2.45695953633053,3.46922059292246,0.390143977059128,3.08703627940925,0.627703563830218
1.55484377126754,2.58117256998625,3.529374904132,3.13540966671675,1.82507469932041,3.81693297863933,0.659681476000907,0.945034982420291,2.95881902388685,2.81982699525756
3.75731085942539,3.11186145449762,3.4045992529543,1.83037913739376,3.09797764088575,4.35745872791286,3.51478366544226,2.33016494423523,4.1565870694795,3.46274639110468
1.19745541278454,1.65138256976167,0.139314069413798,-0.457033557154387,1.03256563161185,3.10432478350869,-1.64706689618535,-0.362805915941527,-0.262381251184555,-0.491880241029025
0.707154896356973,-1.10791351162354,1.89917608240029,2.74487217909261,1.86406758233889,-0.85786387811547,0.940312988017565,-0.304546204639581,0.0988207467077596,2.42658692907055
1.3187356742101,0.289563471401518,-0.194701581154405,-0.87999654817423,0.437302272825233,0.185717772367609,-1.23432474771206,0.979340431003136,-2.11167501118131,1.24840800801811
-0.615915123132296,0.0339630666844679,-0.655389083509472,0.926029390412244,0.37587322529931,-1.47559857991514,-0.0137641257714229,-0.67754453315305,-0.114358345859205,-0.27596656614944
2.20734172571674,1.39166521453934,1.99423466334216,0.163955022424731,1.90451053018161,0.940474713131844,0.885979735238632,0.526752631362545,0.43318567974608,1.09327565226133
-1.4436855223147,-1.1765610366119,-1.48043355558582,1.10000113476858,0.105959253025903,1.05410252771799,-2.8541244214451,0.279349263287687,0.376037027195422,-1.31372235806035
2.31802762728492,1.82017744151382,0.636587436440994,3.06005919208831,2.249203823771,1.59187406839325,-0.119084006493732,1.42777828318738,1.35951617252323,3.4573179545903
0.799417875434585,2.31581642006073,2.82842843078181,2.92419261959331,1.17374490610165,1.24676521378808,-0.120639495740168,1.53232411845967,4.07981433771946,2.08132956372232
2.33860095273495,2.9913051898083,1.23645405992374,2.74662527495219,2.01718430334073,1.09559090743269,2.36284661489244,2.02166356486171,0.641226942259808,2.82442314251654
1.52908904650275,2.36871288699597,1.83670145407312,2.2180882903926,3.37487044205118,1.78544223488417,2.73404531298021,2.03073672741881,1.84323546104002,2.67538801300094
-0.11585090792953,0.404828455220683,1.37705061307114,1.41918911690341,1.51540460138248,0.688022694298193,0.985735868295376,0.808102095836133,2.74768035357858,0.90047060614909
-0.828374589155418,-0.540033801667278,-0.125446654188796,-0.019850187103856,0.101592100771146,-1.27495010710073,-0.0240255664258956,0.339868746371064,-1.48228481155704,-0.864455263709775
1.3405842682701,2.8715383399678,3.23423171822466,0.911526225351104,4.22328377583528,1.19423579852146,1.44990813033621,1.11566597895648,1.63474478910587,3.07132503576232
0.0463559395015414,-0.557965766929339,-0.916188983776702,-0.144792421227781,0.452865605758692,-0.737496855045421,0.351293561195818,-0.500229583433599,-0.298782691878496,0.183678413435886
1.13995746558071,0.0931551819347154,2.13965968588337,2.89993283536086,2.42866147295005,1.36260801963392,2.51667701651525,0.654427632393697,0.953510101045091,4.12077197109009
0.184779310620707,0.874505792341332,0.449343545944111,0.935937817852669,-0.534184554611062,0.422116651254645,0.57974876960941,-0.0962859599891006,1.71755378658795,1.68601037156457
-0.449993523654768,-0.258625204452182,-0.206030754719071,0.576910000067093,1.91298913515116,1.26830012524875,1.42201483343864,0.985384746388111,1.37939597741412,-0.190820479093941
0.6974901134672,0.566779411389661,1.18491327999431,1.0775557526748,-0.616376950261664,-0.301930210110573,1.77408334961929,1.26196316579751,0.0364059596770221,1.75026322097528
2.85595881747924,1.9890157903103,0.927205053612499,1.39662878663336,1.88428740946724,-0.0401897249251926,1.91590929377375,0.513419163860952,-0.0206496899303885,2.90038319075896
-0.141734401334506,-1.08034467062634,-0.808486540371095,1.22034238103411,-0.636976903926153,2.30542069887072,2.12748974812486,1.4907826027637,-2.13445920576639,-0.850396735117297
0.915778083287919,1.08937956176042,3.043398800949,2.3771124062517,1.83324896399775,2.56928691436256,1.62891759299821,2.30613145194108,1.28199437893619,2.52280905401763
3.22234565858926,2.78924575632063,3.78702743925716,2.97976054148971,3.95990283666845,1.83936186994214,4.51304814807498,3.38948719217749,2.87765624035691,2.13907476582701
1.21316863127056,0.938491161144755,0.874843309387317,0.872734635428293,1.4043119404383,0.763667775655386,1.53473469610945,-0.457791373621032,0.504639926141618,-0.0347450746558522
2.66959555176134,1.510913386776,1.50831414251259,2.86463671971753,-0.0194601471283078,1.9728941635745,0.213881596936925,1.68611960771786,3.52166846233489,1.90000468164814
0.884354253777343,1.77880516599084,0.247352688741075,-1.02207428169798,1.8770072309172,0.536381211524299,2.58931652829904,3.18677785077382,0.530260788397963,0.102241639857731
3.12402662693462,2.41509612502336,2.02997431678758,3.56861777974454,2.31579014203626,1.15335495240845,-0.178225196018541,2.89177870900099,3.12032389597441,1.56981966389506
-0.403625847587152,2.07193495912944,0.166890288622735,-0.309028672409165,-0.775770689805016,0.6636099416827,0.177818293758128,-0.559730783882202,1.18693284919278,1.20233828076675
0.597334482693311,2.18626827087994,1.01298506272727,0.914193381908217,0.451765943203434,0.324819005000948,-0.958218174236927,0.866266365567732,0.59877247983814,-0.176590108552286
3.92431660143218,-0.512195195169015,1.12883863274938,-0.396610310168713,2.20214384254284,2.29444907651041,2.29568989776352,2.64266773993253,2.54253652051253,1.21207169608611
-1.35380896195084,-0.637094727648782,-0.20384579184295,1.39318403363504,-0.865607206799612,0.251974873425412,0.607298517477407,1.40590533113154,-0.335984959181673,-0.650386333259906
0.318116930438096,1.37134205642925,0.0876167446151778,1.9265088889111,-0.402824605648416,2.81677916863357,0.693108831507628,0.820593657187807,-0.397517192773214,0.641258930294031
1.15108665114546,0.194272208334348,0.612497067684514,0.829783426098762,1.88482042853028,-0.471112019620456,1.07140624538625,0.137611589866869,1.84737844840454,-0.153020580818289
1.98733946347288,0.736141142268604,1.090426111882,1.96126947346452,1.24129539181538,1.41807819621293,1.86254572962412,0.0378622244015611,1.78596253380678,1.76336912493292
-0.609497731708281,-1.19566737115075,-1.11272628956666,-0.928265317509901,-0.47124408336423,0.100562671416968,1.44901091698829,-0.291804905451913,1.81143763539849,-0.711087790357827
1.43044748049608,1.68673522586251,3.42280285607621,1.53836327246532,2.18139936316541,4.48170785954683,1.20368505094371,2.9224325073914,4.72980740049314,2.46402065582445
1.77924166310116,1.79980538357639,-0.0582316805423668,1.32029567146039,0.754545877543488,2.77375682568359,1.51112278729601,0.791943106940578,-0.30005178696878,0.281761193771425
4.06548300106479,1.49938747145809,4.50306364341287,3.42597134761384,2.10870560332132,3.54197313362656,2.71886899872872,3.52954468079628,2.74354638587735,2.44221287333523
-1.62413208787891,-1.01024184706171,1.68371887877089,2.72779851331027,0.302923586038314,-0.78042798811198,1.35711017497856,0.263716030086458,1.25065161534423,0.225784155602536
-1.49659906807831,1.19644878340251,0.224230455028918,1.50269553052993,0.970317723348579,-0.315919858027304,0.901276346218647,0.287961504055763,0.804936674781668,1.89410630833725
1.47562602244712,1.75303733491434,2.01700672524772,0.643720669242582,1.05242712751247,-0.681550493007256,1.281410692995,0.598108432596302,1.91686315034516,-0.0526525874555239
0.299534072582583,0.507891396499959,-0.678117303806478,-0.165895013047057,-0.199596176817332,0.738858142031793,-0.201924104182786,-0.963749084143144,0.563757331256448,2.23574248772396
0.624559516621585,0.555513636270946,1.17348346185235,0.42546242062398,1.92771348993779,1.31536542098959,0.111669567105579,3.27959492596741,0.423157059403936,1.25098277494878
2.06787023555176,-1.37742936314834,-1.18734527513848,1.48145595708103,2.35219895632643,0.125547184821977,0.382603421256507,-0.948609663218876,0.831130442947327,-0.632210170489227
-1.11322643151092,1.06394724741351,-1.22021069003391,1.17194859203429,0.0211582928694917,1.33162937501047,1.86795397882354,-0.970652627837499,0.0574099622437046,1.47133574604653
2.89523846252418,0.814407151443088,2.58984819148265,1.14551434141066,0.260678281632633,-1.17709428121723,1.17282899561863,0.367686625085844,1.44447288941212,1.72481564230575
-0.89552802840256,0.203858037948964,0.798973225862777,1.46622157072103,0.187597869647269,-0.0133861223214121,-0.0434334091857045,-0.409423325712537,-0.954255152379705,-0.679143650312187
3.3698027128915,3.11679264116474,3.08197492901226,0.559985742322513,1.51966765896223,1.89479713467719,2.05475336844025,1.54226463811003,2.27018276982203,-1.30830982992438
0.920232648200674,0.955516018421754,-0.317613778718766,1.60558546048939,1.27689843721195,0.582404864261948,1.90577943532886,1.02919562666234,3.41387393537349,-0.537752295411496
0.587507662838633,0.675577472556818,0.789628093681267,0.379282022638719,3.456951124251,0.966645328150717,1.08068330205628,0.0772340187296275,1.05439542910729,0.246142905590043
2.53236954838243,2.6252103484912,0.271681785403714,1.1210226500857,1.71891310845231,0.102628724532928,0.695748510320079,1.40639612946381,0.823781365423131,0.101688719749555
0.143904408349576,-0.637376901407165,3.45255983489442,0.259646613465412,1.33440854775398,1.21123923502226,2.92870673936733,0.188333970446444,1.05320900069414,-0.170245700993281
0.811493151086409,1.3286912577798,0.898394637145527,-1.19186342088292,0.930681862000142,0.414346986029148,-0.150054916291862,0.337579177629377,-0.459285850221532,0.96796482903801
-0.43750982655346,2.09662899861568,1.81065510065921,1.4271697205674,0.553371864338138,0.0774136455555963,0.0500419271754163,0.695994522459043,3.17487604936785,0.834964590557246
1.79568394745378,0.966435057435187,1.75259681656743,2.33816506644709,1.32487430845487,0.177133586959053,3.20334045641781,2.67918069844371,1.03788756888263,0.242203186754954
2.20278478860686,-0.314779158572057,2.13982259146632,2.76364090459379,2.67978081360963,3.11743416399943,1.81384687875621,3.00522673735999,2.42127993339539,1.21155789333341
1.40479281145777,2.53980982897841,2.63992738549659,1.23455713220902,2.40558355888919,-0.030635261162963,1.13858182268976,0.887850663386934,0.880524444118531,1.89095434100711
0.9805522575664,1.16842295535398,2.31709422620594,-0.708757622525184,0.482126677494493,-0.582411316589384,0.0919831069196734,0.914827892856896,3.5664151897096,1.20503011181216
2.17805925173413,-0.14198966391332,1.76393273888277,2.39839914496117,2.57262842264603,0.511835079206101,1.31920748530644,0.786074010604692,0.998182765901968,1.09612245604217
3.3145027567228,2.77591464475571,2.85611316638838,3.3484921871245,3.01776608651477,1.17039237245495,0.757827193161475,1.1924418162409,2.88107827016118,1.05805278474949
1.95825136380583,0.870566774028464,2.68586570173367,-0.291703290004587,0.814706815823399,0.0271044704233893,2.46120792846878,0.881081903561224,-1.01123472577106,0.753525306174379
3.59141233785243,1.32665127494356,1.68391301225337,1.35643664713843,3.06300261670881,1.75595664146806,1.46624229896824,1.77782376434781,2.05239129914525,4.08258745408775
1.57559564481752,2.10122230171692,1.07060675517431,0.737737948349712,0.501341091506072,1.37304839420746,3.44161551815295,3.17228978336783,1.85724412834779,1.27338580889415
3.05070136762962,1.98001693289956,3.61469140748066,2.55209106422649,3.58168894872339,1.65064801293294,2.07782308430247,1.3949417690696,2.02021323079305,2.4184742038607
2.3099153875996,3.27674396922936,2.40520790647962,2.68922643307634,4.14638957077474,1.80583403029419,3.38253194204666,4.13844432348962,4.7293455071471,4.76334053103137
2.10545815179506,0.203579544583198,0.198445534553843,-0.856014800096663,0.0200493497302366,1.48737422116466,1.36220507375153,-0.268860529125803,1.20244380537042,0.86702586686818
0.0504108948790852,2.34651333231955,0.983761997657823,-0.897205960487651,3.6096184043917,1.05498764611246,0.320426004660135,1.33202603035577,0.0115379816832509,0.520840688757846
2.59845688632005,-0.188108786121209,0.953027301047793,0.601850876702326,-0.179333329136231,1.45398918773325,-0.539335212371248,0.429702169845185,1.06512680189683,-0.363326715176499
2.28244551232415,0.756571269050819,3.12146369517706,1.37857806414419,2.0978011255463,1.43938035098025,2.37808832508976,0.636671092002832,2.16463133699125,-0.331144403801714
0.806968737958186,0.379593336848636,1.16656279257231,2.75414765330958,0.439692285799104,1.08643615198464,0.466609864130956,1.25699352253356,1.87755188883232,1.16075838720012
1.60439180229302,0.041402165372177,1.21036769801491,2.23673559073723,2.09793693111631,2.02023941034087,3.7965695684576,2.88424857537633,1.93446532267129,1.51262575835552
1.52501438856879,1.98324482764458,2.2960926915504,1.67185030481797,3.5018165505677,0.982073468417992,1.970130856093,2.32463292920973,2.34601514586374,1.89045994177249
2.53917554561756,2.32718361883862,1.21394339044351,1.64992326786597,1.24089832159086,1.65730501215317,2.10276039245224,0.327067254222918,0.324249534720921,2.76211568088666
1.17160402848085,1.58733390575036,1.24033317815207,2.35868304840229,1.9098447983961,0.355834731507854,2.37448398658537,2.65054342245166,1.58312702695451,1.68939957207414
3.13388408744665,2.10299685475721,0.709258794852992,0.970286297781165,3.99788747471705,3.7605835201704,3.58838590433527,1.25841340908561,2.71639592869652,0.892558316309102
0.237836307718393,2.40405469998408,1.93970104837597,2.08960872052818,1.02518527830897,1.48775813449892,1.98718893170045,-1.00422868830516,2.49622577028292,1.30600119367536
1.3001045611607,-0.535944813436453,0.408717718545971,2.64721105979192,0.690691950693797,1.39420476672913,1.9484903291775,0.952122086519403,2.06025769595232,1.64901149120216
1.52466667071107,0.580813617663348,1.99957666133721,0.41533888884736,1.36287255718837,0.840988846682076,0.327474889659137,0.767259291314376,1.81013338035573,0.881766631748031
0.783604390261391,-0.938555938550703,0.848604615230462,2.09017200939977,0.533309759638148,1.20254860137606,1.58438325821492,0.78382477869836,1.69632401516051,0.118643114171044
1.26585065939003,0.980646605300846,1.04341669174409,0.324432242948436,2.59971939802023,1.92360434674695,2.02977452382554,2.55755771487074,2.98018483137724,1.68691144787155
-0.865157615510962,0.372479864439013,0.102793593923991,0.734959741104199,0.774288931721571,-0.927261385694579,1.9664159134526,0.629899239413137,-0.860524887213265,-0.660423003055927
1.40087579919854,2.1361008541891,4.36131842746995,1.09665548554837,3.18597712564534,3.46197317758281,0.745575819551368,1.43681789024443,2.29533589379218,0.778158143458624
2.85587781635626,2.65607350813156,2.46489777120181,1.98978002183327,3.51473075660915,2.61319070339428,2.07206968074502,3.09667712410416,3.41904339725118,2.32946387617372
0.150769607609516,-1.19490878709776,0.306830111584876,0.414841720575872,-0.113817773527143,2.23072362111272,1.60798781048753,1.92355490078092,2.4662283993773,2.73623541265897
3.95914853475358,2.41935306142391,2.00367070929652,2.13483677563115,1.19322094252371,2.6890171299448,1.82369891073693,2.64256435230487,3.12812622999366,0.290019640663626
2.61246385619145,1.46135751752372,1.02627420773785,1.87563826498406,1.48744807811356,0.0488576519690964,2.63207689497937,3.22956002328472,1.95969829398232,2.30000479478299
0.315200412249559,2.13127073232212,1.79138388263909,0.145602477764776,1.10271139455668,1.13905010659157,-0.426632745268887,0.335744204911538,-0.158924991253359,1.95780726875993
0.432277198005876,-0.00905638734716818,1.10815339019489,0.291123834839794,0.290203665758007,-0.774866647282013,0.0330619650017208,0.480694515060404,0.767605103993068,1.14126596021438
2.8406510484836,1.54600295451683,0.994349843930413,1.61210990329893,2.41195875560237,0.923476268660473,2.50217630079719,2.54580834137175,1.3980362009625,0.802401645744801
0.973375472323659,0.350041039941451,0.998222630599826,0.915949228384599,3.11884974415804,2.09877744690397,-0.449429316360461,1.71219213546555,-0.271606201637134,1.26026296612833
3.59404275561748,3.63467568328071,2.23829408777165,1.95776550265914,2.41682687946294,2.46074754922271,1.24531753805317,4.32732402474327,3.26454461689654,4.21440900062073
2.33019231619843,-0.136370279833409,0.38843527536545,2.51159853768443,2.71222719054449,0.493461805058692,2.47891904095986,1.73136436769619,1.35967077136617,1.8027625432682
-0.320511105624727,0.378753619774993,-2.09433471632895,0.0116444533252347,0.0336398130613797,-1.21382597123106,0.17006491390224,0.343897174045331,-1.02003655267501,-0.0222229197743464
1.27633179807295,0.474469191728655,-0.682152042602295,0.466651960984864,0.704573458427471,0.510741233843291,-1.44015621498277,0.331179513432369,1.94831783970913,-1.4612317472818
1.18682455434023,1.5209399680248,2.83335442165375,1.82228920769922,3.05859418548472,1.53036653576439,1.35893115410717,1.30084429991637,1.93051227787918,2.42299437985081
-0.657360453529984,-0.524842063059394,0.43542163349865,0.567886524373168,-0.190280483553749,0.379395460786573,0.852692091973282,1.47265831549082,1.60553506931682,2.76643872068268
3.33499469452677,2.27795045738911,3.22946731668455,2.02550266403033,2.02111615044702,2.86110865817632,2.10472318891327,0.62333199004342,1.68474243225364,1.46468463263267
1.36815422528066,-0.189712779031385,-0.887586345853999,-0.257055212900733,-2.20102660160824,0.655763557932578,-1.13117115647321,1.07072529518307,-1.10331866973258,-1.09033761102056
1.41162746601315,1.82040147060377,2.17307988251454,2.68928660548041,1.82414844780438,1.20470804430557,2.47276449758775,1.40189567042452,1.97181181232767,2.08298468845798
1.79268314422114,1.74251461286204,0.606542362647941,0.601406448396132,1.49623420741944,1.48011553042458,0.047960462006137,1.37973979276254,0.345276653489693,1.13099241765811
-1.27382853852916,1.01003616445516,-0.361631294166922,-0.0945967287376568,-0.0996189472546808,-1.77809714939526,-0.713186770401095,-0.398069295160179,-0.46189894685072,0.574969887507976
3.17545934148103,1.78590794988074,1.98382866154979,1.35397917592008,2.20884722276626,4.21994733422735,0.204757538462406,1.96648252522139,0.876029813242994,1.80010410168774
0.800281550465127,1.73144424720616,0.793741969128835,0.608156300470255,0.939171152684927,0.934061435196866,1.23768732610264,1.12408329250288,1.81760636108639,1.0063497368157
1.77081022436703,2.07906217456915,1.06193915179284,0.554640799698242,1.60646398914075,3.23590662836703,2.43349811400597,3.59161583475497,2.27504595346273,2.17488978160059
4.6324337225334,3.42514634334174,1.33128484222218,3.91004596917017,1.85623155503573,1.19535688757563,2.5754626803836,2.18097102952937,4.15555732274726,1.76128032809149
3.69407296115024,1.42366972916667,3.43262702881482,2.38659672405361,3.18907909128612,1.61877426724829,2.64932286958717,1.56782498846567,5.47759545583862,4.77326668190575
3.02388589322164,1.01043848881545,1.02428122095134,3.81793323133171,1.23319969951748,3.19071769054891,0.172613092048079,2.30064011901876,0.624238144158775,3.01634522401977
1.16194510256948,1.40755077461385,1.75601329491425,1.45623296437948,1.71821960742714,1.67345661080238,0.595627119270197,1.18410280141101,0.812482717790002,-0.398321962609006
0.900599510563861,2.37812207496105,1.45368508969093,1.41535370589114,2.46577101055971,2.20596836219054,3.05364017891887,3.07346704346859,3.11506467165589,3.82706898396513
0.879787744018059,1.76654106249514,2.45075647344752,1.41216404423741,1.98363820758778,0.767859195222196,2.65141773051558,0.989693137389708,2.74184176783429,2.40466658087023
-1.01007568814366,1.76425791202299,0.447228982755222,0.373045317493,1.64439562775025,1.64439823728673,1.14279887569397,0.793605588095593,1.16369472450208,0.651157644116817
2.35692360716023,2.63466715749219,3.88639743905284,3.70464365648618,1.49803533349826,2.03224216361334,3.44376042515288,3.60170671578174,2.72282047282982,3.6358304199101
1.46879920463463,1.9688422519473,2.64210414015942,1.66472568328834,4.80155106836278,0.79940014535132,2.2829888125415,2.44544415075417,1.34346137077919,1.07844232369567
0.90254619933576,-0.382440181111676,-0.495608437765926,-1.07367383437055,-0.781661993367071,1.3546951251316,0.838328851407153,-0.693515580299314,-1.12175900165115,0.572024118751091
-1.82504201135032,-0.726660124577568,0.413715991075622,-0.472461851990428,0.518283389280039,-0.938153836154662,1.46235185717166,0.166233492900401,0.640971297574481,0.107591371028768
1.07424871085504,2.05861764081903,-1.10566225402876,0.135234082710659,0.30038064903811,-0.391811821195863,0.649373258180305,2.60501424792309,0.535074469819952,0.870965531934778
2.32927234157969,4.69637790712588,2.91948310687367,2.65996484107523,1.13615731518416,-0.131208332339411,1.40569566603779,2.21218878332475,2.15628530417504,2.39106610536497
1.70235221711502,1.7565851099007,1.80342005878797,1.65459824788946,1.21337929637647,2.40008076127752,0.858480554387555,2.27027474093948,3.3792129675051,2.45493080823521
2.08239081949294,1.78013459031634,1.31792392709217,1.02596190452083,0.402580598532379,1.35296551079631,2.49964857771915,1.07699964265507,0.275432035338266,1.28773523179118
2.69639658966728,-0.327389726868508,1.36197742022947,0.351127877616696,-0.395851348291248,0.200369144216263,1.22649924976543,-1.10845993131008,0.119270374502061,1.91691259030633
1.14103402478128,1.87748465822841,0.607108643690919,1.14751333221886,0.406917688006101,0.392531001873601,-0.483427335546411,1.14563849949793,1.20907098459939,1.22271863995045
2.08209584827118,3.32784857162703,2.17196548871144,1.26137397305727,3.662662813021,3.4315400722896,1.48564756373639,1.09276441060038,0.933911565161596,4.02287593181222
0.131160306605863,-0.458584427086878,-0.0218751664625949,-1.90364963289013,-0.892470267940252,-0.111261077732239,0.850601301345736,0.500156523866826,1.00933985597907,0.380632629940605
-1.34380704742116,2.72657234461156,0.0802662674842338,0.776927616254931,-0.551069713096156,-0.501981344853849,1.91002723818524,0.413735995079437,-0.781957765295393,1.95329872228026
2.01698324923173,2.08067368459996,0.0781465589076556,0.571473017359051,1.3539465629856,1.56743644498358,1.00203291194254,1.74975211865788,1.91347378340176,1.87999076015071
1.32579253955531,-0.0919028987332753,1.41652741407078,1.22843252789694,0.204224719543221,0.615911364001511,1.03502516236214,-0.0345876867642263,0.535451286104296,-1.27433782346347
-1.86954124498858,1.58502974092136,0.403872756283942,1.10972016615193,1.87687709467375,-0.452486447375437,1.83837825668083,-0.466176684807485,1.31488974112202,0.647408798631097
3.58703552122487,3.23589299376132,3.30931433464648,3.55151712545339,3.00373886879472,1.06358324764273,2.90519619804796,0.474875291798191,2.04780021099789,2.40814534071444
1.85392756392117,0.0850014296079632,2.00133258373146,0.919902814680384,0.608951292332547,1.14918521938246,2.95490117769501,1.23420306669959,1.29056450095315,2.56174826990759
-0.313489949611794,1.23285714978271,0.250928209720387,0.788685919133279,0.65592076475316,0.667923365275815,0.0409573512091484,-0.803528238510818,0.868493261103544,-0.795586195987961
3.67586509152305,2.25838126639249,2.30036456773758,0.917795330893552,1.27813842854598,1.8099920721639,1.63997793511258,1.9688958675496,2.41240518288565,3.28624252252257
0.778047567984189,2.28054471752094,-1.02655128648178,1.63703922209488,0.748101449192827,0.675513358003377,0.78837851614216,2.07714098438513,1.03038503387428,2.80911657045319
1.00462555536251,0.541756699110582,0.613540398375801,1.34643588726544,0.889025648685365,1.35719716900544,1.55036049832658,1.66886878408356,0.565176544072648,1.27145613548306
1.12769241009387,1.87438790620745,0.564484428535218,1.2849484698325,0.461030096514368,0.23063959736321,0.355275105969807,0.824932104655475,2.51095724958701,1.77352933878857
2.37373866332364,2.90495543931537,4.41652610963697,4.61594385899472,3.1683771716547,2.23141845191571,2.11313231080627,2.60630040112678,2.99686589146433,0.745483865143913
0.721982936617426,0.341337912961442,-0.535049529919962,-1.24485883709898,-0.179127198148435,1.58384279825885,1.78017284576241,0.25699401467751,0.389082989377018,-1.99675476390128
-1.16730912293016,0.888820238920293,1.52372980530843,0.970420408572836,0.585488609565283,2.40460055857035,3.41928847687407,1.77197263813009,0.205477318647843,-0.56395640953454
1.19316972826984,2.36827510679291,2.3618197601312,1.27099063306225,2.48791358429456,0.799564266785723,2.54749391216028,3.15963361940233,0.0177652001851802,3.38276123475342
0.85639298007412,-0.194741262128461,1.79086413119756,-1.14179233402231,-0.124191070852023,0.148548358828581,1.63247496506528,0.256794402341245,1.06523668734679,0.47463647532644
1.08090103266629,0.390159408899123,0.397623325256276,0.944684450649056,-0.0228894112621307,0.962287230405345,2.44104354156095,1.28816938284355,2.66957063410109,2.15411312114768
2.39248767165681,2.49840706086762,3.99551846638775,3.23128994569541,1.90710315813339,1.98651140308166,3.08618234692552,4.14925200025689,1.86023582330508,3.15602793742591
0.416624465314387,-0.275971473936055,-1.34852114840643,0.51207948521361,-0.73251787820544,1.75456575316105,0.0392993935439005,0.681025978270473,-0.684259742721999,1.07067085349878
1.99811196796829,1.23360709733101,1.24964005355942,2.88387187703712,0.6151937767757,1.54239612636909,3.22617091795218,3.14164232720458,3.62897654217588,3.72871089256924
1.31995482093981,-0.835890196454636,1.61946212667052,1.75199920780617,0.569375784330579,2.35956764899068,0.30486813471133,0.246882984123293,2.10421857970377,-0.0771529107122919
2.08130887354599,3.93481856504942,1.51592598927436,0.646679515792129,1.38041639736055,2.22254011865533,-0.655081309434359,2.00496813132404,0.252532461306629,-0.181707825725088
2.5797967754504,3.56184475406357,3.61051978104432,1.32638819307382,1.96659678210623,1.04565426352262,1.63664771546904,2.18096380752375,0.263122876879672,2.37281574366959
-0.517087645999107,-1.28307766531568,1.33281879278879,-0.0835959667487486,0.328309497283644,0.77755489623016,0.33407644154393,-1.19472863170733,1.3797211092727,0.00525363466857148
1.74141441754287,0.0765635974654162,2.83476952317556,2.48575749979068,0.907318631242662,1.92829866603559,1.78239433164795,2.18713641550945,2.88545652622359,0.805080412968491
0.879370131325082,2.02876940319597,0.00250894123205281,1.59307554415446,0.3930213266936,0.955760348777694,1.3045821671275,-0.16573388442999,1.44088327160143,0.0836291999928155
1.09393581393538,0.294321760863857,0.925482696123308,-0.0726030231316301,0.337128753749573,0.217992873367582,0.777146815610995,3.551108674121,1.97905056021303,0.888826541760299
0.255192272333719,-0.274652122872715,-0.0105251349391542,2.02106810775574,0.904241502730569,0.0261590243885574,0.72148909080521,1.12043745404038,0.563841322746439,1.36385128124025
0.0975234417869,1.1194841644449,0.322553868685992,1.36946898796858,0.962877959206853,0.453509333419049,1.34540401548694,1.86856811061529,0.734665378359832,1.19759729627984
2.24374323261872,0.651806067470617,1.2703769579537,1.06931273570624,4.17857036566867,0.955056889550634,2.45607085414354,1.93941550565166,3.83447716136587,2.48892383508648
-0.63753002547675,1.56215346089878,1.16263438277882,0.286774988251675,1.81925122800009,0.151265470897524,2.58254855813784,1.96792598863759,2.42044278209449,1.27012147745674
1.89074308455672,0.066156971720327,-0.327980045570845,0.162201409179542,1.29878662871919,1.92619302802262,1.19643645205139,2.64537490783868,1.46638823691839,-0.32362366025343
1.22788285030547,0.878656587225316,0.355027460371872,1.97621723164192,0.310447161656823,2.67708500365419,0.168555478551912,0.309914061423685,1.86225829495126,1.86439656588907
0.960224391439672,0.803780769607331,1.89493926668561,0.0775492554783891,1.56452746719409,1.90828458800845,2.68954886067805,1.07983487098826,2.78355364473058,1.26328960503128
1.6388637754068,1.05913414148116,3.17599182662673,1.91309495419608,2.20564736666036,1.4192524394255,3.44203697852321,2.35882974711064,2.09499463096531,2.96767931291858
-0.15545252364463,0.969953450497026,1.4339067379435,-0.639647000228572,1.27683733525303,-0.474594134622267,-0.452051374308683,0.996754177122501,0.523804545015435,2.16304506507517
4.06039547637737,2.81548997910613,2.11686805209211,3.01191187982069,3.68624768782342,4.03913751342436,4.35664794966663,2.93408003380272,2.24365970828554,3.10266646274665
0.979913502421417,1.26559314504474,0.82729210959171,2.5737893622977,-1.64150145222222,0.36287906311167,-0.613183225098936,1.7006857167094,-0.480225841654097,1.43419869300987
2.59985272221287,1.40391415366059,1.92305606442333,0.337656823830741,0.32178541617294,1.13559599185559,2.46839185258015,2.23515500501226,2.2755723238126,3.06241584394828
2.5325079049452,1.54821611845682,0.0220119915493318,2.75772331994959,1.17652615757285,1.9217547345224,2.3825276267424,3.00421906188835,1.34523480958899,2.31301808683638
0.695421787582895,3.40875869828016,4.04153869434026,1.16963858713076,1.35906947780176,2.37783851102794,2.0743593592289,1.40562309549043,2.57085087470944,1.0284630445188
1.61151906447286,0.494919283509587,0.363775366875277,2.05894868711829,1.43399410683158,1.78213135297388,-0.42064996045055,0.762951948173605,0.245334664587504,0.582930949360648
0.61378080626821,1.57912121583263,0.652963643898215,1.11359401389384,1.15710948707976,-0.0991395240642532,1.62168830214578,1.36543181001763,2.6188354733302,0.735837429402606
0.642589489197258,0.86800302876664,3.27780986809604,2.02604542593774,1.94452267355392,2.33848694339616,0.594405465155063,1.99460752734596,0.897504850169107,0.372854254156424
2.37571536543741,2.23560033306536,2.38056612775303,2.41114092178635,2.56252886707997,1.37571694400003,0.956303613780935,-0.439611294135863,4.03838339792621,2.1844566133219
1.640164462187,1.51846471266441,4.62087899809439,2.50323106454181,3.35179666263902,0.979922193108229,2.18363023813368,1.63314569068169,1.10096704196947,1.13206728923805
3.2507905832012,2.16021191823059,2.5675457991154,0.213458595427375,1.46624726252484,2.86313153420302,1.55003559901769,1.50501128108584,0.664424578770729,1.51519593895138
0.799125786555732,0.902927835327205,1.68965081531419,1.7829034293098,1.60752543127093,1.06532163035864,-0.866650451989394,1.63039501137178,1.56922979010616,1.08430848778802
3.09986819613012,1.39851023943038,0.366743521604746,1.92252701641249,2.97388173488439,4.24068752231999,2.74727328648978,2.58278577026613,2.99203328103796,4.59716774191904
0.995729919313391,1.21591770829895,-0.955377114950084,0.520864616947247,1.37739113280648,-0.455981276445018,0.133438206909615,1.36614120196714,-0.592857649906708,-0.59180086680214
1.93632213504003,2.91119671067323,3.4978563585176,2.74766705817416,1.91640777335155,1.21210463955486,1.82109469053684,4.35822953102957,2.72666619073222,2.54580041048796
3.66674525259593,3.42904286330338,2.96262332885443,2.34100111388208,3.50694550991568,5.30283509459847,2.30333655529609,3.59740621891539,1.53103298193331,2.21932583578288
1.49728528498039,2.60050732235405,2.19141168843001,3.65161807025623,4.51148752158689,3.31246540429525,3.00452869008234,2.30073231119506,2.39538835341561,4.28455496057969
2.83622026606866,0.285055354253543,0.891412008020999,0.736905304727947,-0.200051803755728,2.38113331519043,1.32037651055855,1.20708548501103,3.2689783062112,2.26405449377222
3.25778684271742,1.64254100301564,2.17062932507505,1.84616785548372,3.36079519679332,1.70620754016644,1.90539433523275,1.74074692124727,3.22492179538058,-0.585140350120679
2.58447333976248,0.331665283746439,1.31434338966068,1.44823830694364,1.38187130502234,1.81403614137616,0.582909374585594,3.22152537357897,2.84458403531654,3.67947242314957
0.319842652536315,1.65071887654193,2.883624845477,1.40271081206828,-0.219338124973346,0.781167099726237,-0.273740667249524,0.829175468280179,2.225418954573,2.78597083797521
0.737642550412156,4.88034694004178,1.99766860776535,3.76837679307764,2.62701399493239,0.59043502131594,2.94521783411069,4.30972714099159,2.41267574543129,1.11500307946252
0.958685707826476,2.41857568187032,1.82514316823111,0.268025185882642,0.225219584134249,-0.46553010099582,2.54166255262744,0.618312843203942,1.50680375111136,0.582189396037722
1.31855262067141,1.9537532353708,2.71105421141518,1.82328285912305,2.16479571374567,2.84282814107841,0.62580320994323,2.32348777291143,0.791109057120454,1.22996556142931
3.22992831766303,2.56703635196485,2.20563217589642,3.74726639091046,3.09449221634331,3.39933620803088,3.63826812671527,4.1128858029721,3.08596103935184,2.49946150706807
2.02839359819163,0.930122694695705,1.50180456340076,1.7344565725569,0.654244598572052,1.12429670146276,0.252970666048067,1.66723687932742,-0.0218274675745989,0.970332514142404
4.41973891881006,3.05002945571223,1.65789508886862,3.26756939543082,2.95174132999304,3.97524489877969,1.6829603365788,2.30507309835618,2.37879130894706,1.715818246631
-0.836576115140583,-0.758823125913595,0.36141851129707,1.20777107250601,-0.711558868265572,-0.215203051109818,-1.34370373401508,0.768709752025353,0.455374109233904,0.51217592087687
-0.0792907393177609,0.41075518813174,2.34794792271858,-0.388124264073743,-0.111392611668655,0.676795604597198,-0.156566289399644,1.56369908484331,0.891599781304246,2.33795160665462
1.05517122470325,2.36697198879369,1.36004419011691,2.45399353384913,4.08102816227659,0.422567511234428,2.29214582501227,0.985597856054202,0.772581842732537,1.29036461887773
-1.28553959156305,-0.532149577289218,-0.996742525079493,0.129920980066318,0.217356130949509,-0.215135321526494,-1.25019581467547,-0.820105994702543,-0.507176798140631,-7.40125881991533e-05
1.77849044491531,2.72959587908841,1.53611151034259,1.6504059458414,1.16971261411769,1.47072172099635,0.775376746434268,1.87177098256077,2.89269314036726,1.62852451749426
-0.091588301946036,2.02265989585451,2.18183220899176,0.56201419883045,2.55371908410725,1.38674879198978,1.11895686453006,-0.198300902950241,1.00539277151921,0.855480152752105
3.12513292102448,1.67469375320281,1.46795781214002,0.61136164288011,2.02876313721905,1.68076942130796,2.25857443518856,2.39038149510426,1.94312171383467,-0.0823569465858034
1.53042756891803,-0.134385362406732,0.0599697795199093,0.188722297452728,0.074593891161438,2.1302466519751,2.67295056397732,2.61514088997884,0.24696993634587,1.5086221936459
3.18782789839481,1.97480718891795,0.88490776801661,1.98394720651228,2.24057051005907,-0.200967385985049,-0.378919410535387,3.18795617334978,0.699637046030823,1.96338692165395
1.37369591090002,-0.242767371816368,0.311973543785201,1.89055773989445,0.381667156912143,1.48765036989021,1.5780493529672,1.06155379902391,2.6377253235733,2.64337118368814
2.97618925081213,1.77936136843319,3.35259441234786,2.87592494076064,2.86884572132434,1.53788805417974,3.2595260912045,3.49631475642417,2.9094294262848,4.36403752911428
2.05863615578823,-0.818768892588895,0.27217873007607,1.69120485746992,2.25211827720769,1.49823061528262,0.689156552801183,1.43145716888872,1.00775834466713,1.08238009232767
2.11678849486549,2.16320121109311,2.54217597455856,2.32721732435236,1.58353001709816,1.48220334908494,2.83133053977894,1.96564281271859,0.364401408256337,3.21749932177826
-0.892236247257351,1.88579799895315,1.52592046908844,0.662673919873547,1.34522157967951,-0.778157484019894,1.04423459763505,2.53068359327763,1.06850967060765,0.248994471426522
-0.56992213664583,1.53171588555433,0.563370932418117,1.06502142797396,1.45628396553182,1.43777535805129,-0.597200694989859,0.578762249331362,1.65307081396741,1.22950753939036
1.17885520351092,2.32283840390334,1.65552248037493,2.6378040102119,0.31019865074067,1.49537727504668,1.48625193415398,1.19886917737793,1.91115552496437,1.63844651015794
2.45667242265146,1.93766604797916,2.76161316896075,1.50204647155972,1.14920157426561,1.7885922258329,3.85801106198601,0.652290539957949,2.99249547106925,3.1927744492877
3.67552927703171,3.7399625951828,2.78266381920805,4.5971973785103,2.77903998954581,2.0503430931165,3.13168003785245,1.2554135890226,4.78841125048922,3.04780682396337
0.362352669513405,1.37532883050465,1.35736780670758,3.3144088784049,2.2360987687766,2.00098646628742,3.92811449122093,2.361739676473,0.0633944655344894,1.30200133027283
0.40505964119863,0.295447761108279,0.745349618766193,0.651638371559448,1.70719517958742,0.687727233036552,2.55593558522042,2.68839094695085,1.11910126769606,0.536527720296548
0.903014386299056,1.79308531684654,1.84950742221352,3.56000073608085,-0.10433444599604,0.0932166282530259,1.19445610865328,1.86381190022234,1.84850835237822,0.785451308595396
-1.32031580833442,-0.147838527385369,0.775113718172402,0.142521204348657,0.807535696185142,-0.185075350309895,-1.01352407875852,-1.18612317501212,0.973248992881636,0.129102973568391
3.05336526533488,2.25785329691403,3.12510325237582,1.85180118276141,2.11181270881472,2.21416707875662,1.8341340507063,1.47348038572602,1.50855461079074,1.18023710132979
1.90445799054036,1.96808093789799,2.42468044993878,2.14088757188231,1.76182183347546,1.32164803922651,2.42242177238806,2.57707990588118,0.226312671088746,0.68050506212376
1.40207172477627,1.22025220892874,0.588691350498826,0.905686413938835,1.10254377839931,2.25222036889918,0.823895357338023,-0.584993958283938,-0.299438147205652,1.03710822441124
2.19129922277788,-0.919724484121468,1.81317907826023,2.69005027974675,-0.857570809478438,1.06589908832205,-0.0698265238231255,2.00706268867813,-2.66267098926205,-0.328192389463329
1.42794419417145,2.51278777623994,-1.10911653977729,1.04663936455675,-0.552252637289109,3.35146877732998,1.64644308132051,1.12011993161639,0.0980028785170238,0.372599958332331
-0.00562229320993657,3.11301791989094,0.240822947519897,3.34974165370035,1.59027649873937,0.399592957198881,0.507997055327566,0.770623904825923,1.7688166152885,2.18132884385793
1.47888973883179,1.16039464314133,0.244320633212146,2.38149534951219,0.772856144356331,0.675481621349458,1.6923662856037,0.237226008622949,-0.157902606099163,2.33202074927471
-0.16755945451625,0.177910886742246,1.05862572154911,0.625641151879819,1.77312482596452,-0.0943747169154818,-0.0458622062731993,1.62209318580105,2.27443775554168,-0.733365907281909
1.1991136272881,2.56672812586797,2.61103450030425,3.72905849424731,2.77076190910008,0.960675814809816,3.30899738544603,0.22043446854848,0.805959141982002,-0.0146057786102873
1.27535268205127,1.5774665312115,1.64464756959338,0.802911162697707,1.42391891331477,1.26119433961461,1.8492562240454,-0.819718883504808,2.7088474553132,1.27372625640398
-0.246183863348983,2.09969606893307,1.86214831513467,0.965611324742151,1.25858643339433,1.80444741587305,1.72556947833212,2.71817584713325,2.11693622017178,2.00885812864088
2.43278082012737,2.6298485497836,2.60972239046106,1.34931421084716,1.47972524644254,1.77866790879273,0.613218089256273,2.36874111831963,2.10047108692073,3.12996137215251
3.05370010679624,2.26579677269935,4.40417794886606,2.9839146516514,2.93524069257371,3.30686342954989,1.76513840684523,2.68253399843682,6.59946465416818,2.3445721062276
3.06912627681512,3.25048148034356,2.19416353148613,2.77706152930381,1.65398781292571,2.33259119536928,3.06109657286705,2.03199418222585,1.33521674284784,3.6634641356953
1.42861951438241,3.57342081934188,1.45951028497342,1.23981559624099,1.55947821144871,1.7849970175738,3.52422879516893,1.96196441319842,0.904436274275737,1.23278764630294
0.502662884671795,1.37172427671823,0.602882757619407,1.70743908801204,1.57340100996421,1.63001387025928,1.87135549140531,1.39278019098103,1.18666976776695,1.1322771136693
1.53926374670084,1.99718688906088,1.43107747952624,1.35901154810522,1.00103003664803,2.46223283803775,2.66836278952618,-0.745978379742296,1.41868199919966,1.25395092507873
2.00940370415153,2.75520762116402,1.7406109092274,2.27939024880117,1.67569977777801,2.41383279555366,-0.190429651835126,2.64980358495763,3.05661126553791,1.20818854734024
1.17599853706667,-0.2516630496237,2.87241236663142,1.5425686234155,0.772071237223501,1.12741167204303,0.0737779391132176,1.63106593451013,0.0032436612432829,2.10538957693165
2.98819037455501,0.627790010937103,2.85960214732805,2.16512193925604,0.57906890839196,1.09125869642003,1.78470631555908,0.848135474913206,0.112088509682568,0.56996121711196
1.62430645680643,3.19777678742541,2.05100445324546,1.13549953769748,2.29264193136081,2.00216143749605,0.889169447124363,2.22756680969615,2.19218676091186,2.99765729189162
2.52493817262839,0.229117235801765,1.04751776364499,1.36684091237136,0.91232524984933,-0.31154692689135,0.237984806350056,1.15370050002228,1.35403545746119,-0.265457470657903
1.91016394146645,1.06800407089264,1.05933352663389,1.05364754566719,1.59289468409549,0.12750609638175,2.80011686678239,1.56898374955874,-0.0510978756262674,-0.564674835179189
-0.202675459316717,-0.763234094564582,0.348394024019129,-0.13349680866494,-0.00187716349299532,1.75518880489451,1.31662163016035,-0.322246280241653,2.07212172383989,-0.429581163353585
1.86975389493978,1.94696202503349,1.70531776438875,1.49534822982667,2.44549283185776,2.41697669140512,2.59867410166824,2.62389924535757,3.35379500924343,1.88403482550775
2.18282161060802,1.61299566305788,2.19924056432641,1.71865964297842,1.70635718460886,4.1615215080118,2.2268576168061,1.85842984249837,3.064989119007,2.51427099560367
1.14625789680341,1.33679797301923,1.45388409045516,0.0986399735202648,0.59478526237636,1.55475227820169,2.86412363045291,1.04896162140588,0.315489748116495,0.813988638006117
1.17477763372585,1.38990882418137,1.54377333221953,0.307612328279994,2.99688367848965,0.205740810658108,1.61442654252689,2.5276499896499,1.27304021049659,1.9996525944529
-0.430871571768479,2.39404568338492,1.83691869007108,1.51503145976248,0.26796413270706,0.00484589302433869,0.941119521073758,1.27368809137543,0.614265278676082,2.99303655610354
3.23740608696826,2.80639493789044,0.961750816338213,1.21965914012475,1.87543788999952,2.87363359289095,1.89596342674811,1.68607644553762,2.25029414104466,1.16393625540522
2.40301219499151,0.337905912080569,2.56800638959948,2.07574836856821,-0.387719496688554,3.31077645656121,2.33211506567939,0.605677097259685,2.06211280745083,2.55894042652812
1.57941740761672,0.948130590269638,0.870733559322492,2.03632839349104,1.436426299725,3.4515769544666,3.07409950121771,2.47541463999509,1.60953403033477,1.50387018631548
0.0176983994389651,-0.583845002625017,-0.987023144241008,-1.19348229001659,0.460120672267021,-0.320903828568802,1.27417043041301,0.124353606098132,-1.01036419538969,-0.175449092376592
1.60610493012639,0.601439830732566,-0.672736972162137,0.0678429019531992,0.190182938503407,1.14716347448306,2.0767728824319,2.38879095628193,-0.410802176694116,1.63428044950674
3.99246010579495,3.54919420043003,3.12251656755053,4.33501291721309,3.03993683413477,4.25094507114546,2.64881778507508,2.95301745985005,4.10216983334939,3.45430885860584
3.88969690682213,4.40762256314309,3.21641818804112,5.15330960087278,0.990544052506321,2.9891437384162,3.22430064429841,2.09859828554524,3.31858716285381,3.38132825036422
3.57538727093173,2.14148378878698,2.34897706568217,3.7236385007578,3.68045142041346,1.00409411082687,3.64317505980471,4.36785647570747,4.1049002726543,3.71199338036411
0.558228295067816,1.15598429008095,2.3881048296184,0.809146351078434,0.489217203550447,2.70407450040283,0.263784290188007,0.944729189770688,0.579050620453095,-0.0261248928141702
2.18447246897461,1.98929654960067,4.00759918704165,3.6172713505568,2.48188499299587,2.1324725115521,1.44485163829914,3.35584254632438,3.97484807410239,2.00108359375489
1.61217555491561,0.697027260117252,1.10395741575065,0.705348810541152,2.81755725274214,-0.0536298607795411,2.39953354609344,-0.882375642615739,0.589814156048509,-0.596131454460136
0.685169437611933,0.196085136478132,1.48967331390826,0.468039863415499,0.323703275409916,2.04945217723855,-0.265364202834707,-0.258941407151515,0.143300508262635,0.693477693840156
1.05644514520999,1.20394692063801,-0.933751210475283,2.44210508888199,1.24724711083107,0.632875740880491,1.07118865123631,0.477897655972117,0.959301123040517,2.68310332960717
1.70566392949337,1.61908634350852,1.80020986266558,2.31663373852053,0.967836124285854,2.86810715985743,1.8726471244655,1.90618200323883,2.11389525129145,2.14145584305434
0.514842409454729,3.55713200152752,2.60613537316151,2.77229017250944,1.92451877715764,1.36205805928016,2.91872391633505,0.552834208239509,2.23935297126879,2.50873172689757
-0.359365685094807,1.3855995483106,-0.201337643534139,1.74617736786908,-0.170892769774605,0.280405642560538,-1.96049466692969,0.514295997542528,-0.667352848543468,-1.1819557564749
0.906923380791609,0.621786615747191,-0.2809670688182,-0.64339027596746,-0.640551071501018,1.4881369476734,-1.25331057920284,1.55964210437992,1.18163265760338,-0.15664086727577
4.35266443630487,0.315951388235078,1.47281532151762,1.81184249417344,2.12579102694881,1.57195504101912,3.65949677305849,2.77400453640681,1.91618294281227,2.07926320333862
3.18733559922902,3.28998607709232,0.831514382290754,1.22146711221076,3.083188081503,2.59609087188741,2.0467367026759,1.35332069292212,2.6851832081769,1.6380960222078
0.804036098432171,2.4611214279756,2.24922824836223,1.87175778193038,2.62837373371708,3.91907370306507,2.43995461319401,2.62195173320829,1.92741220970189,1.49547209592606
3.2413651908602,1.66047572130431,1.54972578583837,2.79729033823347,0.760680346935245,2.24149113410931,3.06083564140414,3.41404096913298,1.47589240945525,4.29246498820253
0.193117189692481,-1.7298749931968,-0.698148354584195,1.13952528092897,-0.910556557527926,-0.748620347145864,0.499318316411742,-0.933122820913919,0.168757908081196,1.24255004894566
1.47140542525324,0.194019268371333,1.94019522781374,2.60925022463149,1.47152038377837,2.33861501601202,2.31004861682072,1.22340918137984,2.6365173443311,1.80130062533457
-1.16197521611299,-0.50376773477526,-0.0795350079623145,1.50341959995499,1.45305708160223,1.17346000576454,0.623201733880234,0.809770853728575,1.17260737866965,1.77349617344835
1.8452814022603,0.667010316719798,3.12963084032303,1.1667763182671,0.906288330263274,1.4971763633809,-0.0511203831040872,1.20792940801025,1.90240839922945,0.275898216175339
1.61215390998381,2.18481025809101,0.469951570987861,1.76254259905742,1.35058377487124,0.377374322607301,1.06924493689939,2.19066633623251,2.6993514510962,1.84045375922766
3.20608587946966,0.368111640895581,0.0872504038301448,1.58128696221641,0.357919015022623,1.0027951389038,0.67525753414282,-0.342868204250323,0.687387143512339,-0.933080201050642
0.820386467889149,2.94447702509896,2.83112769205695,-0.723147327772128,2.31340058070003,1.87230131840048,1.40697357334585,2.80202424583774,2.3236066264839,1.53252725365844
1.13858374742932,0.423018411750598,1.15885244349917,2.13130380917986,0.0991522929369262,2.02486281116381,2.0407732950871,3.84679356427276,1.40036881244129,1.96247078604269
-0.831720368566615,1.65019303415407,0.0167363893763527,1.03165791128795,2.33523524578661,1.78703655576238,0.337767329992848,0.768434713135945,0.7547627882211,0.301608673282374
1.72728505194522,2.32267335005142,2.31077762944502,0.477336334727709,0.538450468090143,1.94640128261591,3.80671096092744,1.90334713448043,1.93536724805865,0.551955460232599
1.1826767730761,2.40380573978688,0.636160989687064,-0.661973271104457,0.703886452736563,0.987889964259509,-0.244872225057796,1.57074304074578,1.07496451739979,0.683743157982724
0.346970634220135,1.13401566361569,-0.249950829526473,1.50102794154554,1.29338494520102,1.21148568154522,0.603877735681081,1.2340830907951,1.56859399216505,1.03471705934169
-0.191041346253121,0.863452062345752,1.15740311718992,0.829437487996677,1.30508254930993,0.429997595886945,0.505053444640116,2.54243363662653,-0.391822682274397,1.84726791605254
2.27751114698336,-0.0923605502118865,0.431265235590056,1.55118194705863,0.0553916394503801,0.542318269040037,-1.59384280573952,0.995838096202483,0.538824054594247,1.71533637777038
2.58590448053986,1.25545318326575,0.718177972040296,2.13113121188358,2.01828201770809,1.06015257451177,0.527257319875076,1.30250273231907,2.41165045619339,2.69403537180544
0.842019284441454,-0.430747955102157,0.60780129563659,1.99481552990719,-1.60105181712538,-0.681571161216792,1.63872377059826,-0.99098375470522,-0.70805204686683,-2.18947302826515
2.76059509433549,3.00695253792322,1.22530955397747,2.20386062899005,0.853761833424764,0.271530937734759,1.28477304704182,1.91329601583502,1.09158579464694,-0.29526693516572
3.1186518057108,2.92637861999669,3.38952324886357,3.98267107664397,1.02969971118676,3.28496284627004,2.36999157996335,4.13493885447705,4.70977821088175,4.91186002506373
0.59485876954999,0.459782235068561,1.29427302979526,2.83074475136907,0.871546768904588,0.812085549766453,0.771974204226517,1.18828394961602,1.56114700071254,1.56730953041473
2.29202504407394,0.352315493980449,-0.0564861196903736,1.97869362955319,-0.25979586828955,2.45164412698584,0.554843031375682,2.66812588652007,0.791013773466084,1.44820738814404
1.31193905996076,1.60956202442294,0.550718190321704,-0.199605750496851,2.19329667810209,1.53856473154833,0.382120831451768,2.13304818102072,1.24855920066789,0.962551211596156
-0.0994781052588021,1.76748532010521,0.415741718057271,0.940492140581152,1.77263539476049,1.92709845382599,1.81415137440539,0.174950752790653,0.276031925806385,1.60611829692844
-0.438256593421049,1.63385606479537,0.157729103841539,-1.30336339843073,1.30445384762251,-0.0267493777379627,0.360545217525195,-0.620129435343747,0.163562751708453,0.146558946429036
-0.494453154282653,0.601543006287917,1.24176243568686,2.95820902650415,1.19055227498326,0.751113554893675,-0.631576986151848,1.94007271944585,0.790078024339845,1.88276099980678
0.399025161756687,-1.02038731768769,-1.5547183458114,0.553061798593594,1.51109583877378,-1.60086631763096,1.57736618313431,-0.30326300366232,1.73100844277372,0.434219265575888
0.853966058481485,-1.18682311324593,1.50175092388286,-1.19151355358843,0.593154750856899,-0.810361007546441,-0.36201224047858,0.461166846390619,0.584304750615871,-0.147516046543667
1.06027885705994,1.85072090323667,1.46944581493601,1.60420035012263,3.42597846819636,0.756285038194912,1.75770318143216,1.74959312740086,2.25974316432542,0.249979069053955
-0.157832719761846,1.72510133610564,1.08244042167496,0.800328849688748,0.497846318605808,-0.0856039076470165,1.25854507582907,1.57813299339925,1.4781864355302,2.78579408261525
2.09965404079201,2.51903209978237,1.37341580024299,4.76059642446939,1.32393511516995,2.11234990467055,2.19872844058041,2.37771211311736,0.772031744671716,0.904521291792815
-0.0281617092649047,0.968258188116287,-2.4061878893698,-0.0369182283009255,0.902240270442295,0.8226708072148,0.173911166881808,-0.209741924566458,-0.543814479374525,0.679000863211482
1.32265048015582,0.479026174902598,0.9129161571771,1.91189182097677,1.47942425661169,-1.05524626678221,0.995637550379579,1.50159088972122,1.92836204812782,1.98891597765591
2.20116100059467,-0.0627031187127667,1.4519671483478,2.90735918620914,0.989017010662781,2.69843004281378,1.46800514444343,2.75417291095269,1.87651661819865,1.08936511960309
2.88509468998475,1.09980444946364,2.43184081388029,2.08291012739995,2.57047101730306,0.738476741577391,2.36931617139359,-0.0424162607022716,2.89763935720387,2.40129287055027
2.02225149623604,3.10721618311108,2.80049649314081,0.91878566649629,0.837989270368278,3.74718502078759,1.89852757774117,1.82405678669635,1.7010575138022,1.46050275649259
0.304628117584988,-1.88832417322671,-0.874632198066762,0.736559786098821,0.21032041724062,0.68888446647777,-0.390618399903678,0.803162261100509,-0.869231096087959,-0.393975066046763
3.69312035815716,-0.44909250356243,2.83871974999424,2.70710147585807,2.36041331698799,2.50918887361427,1.76626866399887,1.35100081183093,4.33160697381388,3.9066895179063
2.09368816981481,3.41052737028502,2.78594703993913,2.70126476935331,3.46445195845587,-0.0321586735277584,1.67939878794533,2.06306723858764,1.48390119502105,1.34511867926215
1.44224457051524,0.972941963700539,1.76935922422132,4.09465505742232,2.7486297702592,2.01646176023004,2.14198686966725,0.721301281543766,-0.522880946517209,2.52411724331364
0.896657748870925,-0.033060274092128,2.58045697841377,1.52938938010255,0.669469851654655,0.697208159254927,1.97233676823161,1.08471995196648,1.27734233636803,0.0256701442989007
0.0827039641938906,2.88353324455895,2.28464767327106,2.23704295290533,0.0102889628105904,3.27460934588596,2.47816949431393,0.552520583891576,-0.0971233916704495,0.78197102192172
0.616263573427259,0.154312943666722,-1.99549462466959,0.673100628729386,0.912237041757919,-1.20740117716316,0.627919811585728,0.558570810467302,-0.14973100159711,-0.488185341165219
1.41725517623027,0.472098444848603,3.92795430248169,2.31105203407414,0.720720160032235,3.12407147293656,2.00679728409696,1.70067318772782,3.39483254122036,1.61961022788624
-0.325797037498162,0.806968928568936,2.03820103579505,1.38963874432859,1.66664151263297,-0.623486999969392,1.11343034197866,1.70306807717701,2.97343801368375,0.710442870319633
2.68782748091441,3.69942240477114,3.54484039714331,2.45116984191391,1.04921763938522,2.57816776026638,-0.783959468873431,1.22809582842824,1.41806917877762,0.339125144133106
1.88299732120592,2.21226534020638,3.61768304688327,3.49188871269918,2.33916305597037,1.41362493539446,1.21616458266861,1.44682423501674,1.12753124411243,4.04143045424223
0.777514596899211,1.43153403912013,1.5650730557511,2.54160279723279,1.96609635371533,1.972402331942,0.901663713934384,1.92557647130125,3.2382737852059,2.97235358400892
-0.412334649525785,1.16801531681331,0.299378441183425,-0.181847173498602,0.838406359315378,1.39905563977104,0.626946596640826,2.21404390318493,0.930000204866144,2.40006941530188
0.650991049318703,1.32100431140767,5.42826703370532,4.35043496093864,2.17637794718693,-0.0313035916186899,1.17960381577182,2.60626500296441,2.68275951458361,2.08476682280698
0.133880685856927,-0.708405334075974,0.787655402951552,1.83213283426307,0.71464072400398,1.79518617210103,1.45982722519817,-0.562293811265526,2.24574945958231,-0.941806410534116
0.363539077065353,0.129227383682358,-1.21383221407044,-0.250914478750532,-1.44954780018522,1.22477833016761,-0.0901976147116728,-1.37390482686847,0.541966857416987,0.0396388020109564
0.508701469074434,1.06684137948968,2.14001755156189,0.590405614590856,-0.263732986043133,2.17654227508678,0.964478449430109,1.96806494484827,0.78520091881114,1.27397176527119
2.67161210460268,2.06423750926747,0.870688025146473,4.17383238522711,3.58873357540767,0.958772510087581,2.1827415878865,2.24072969312318,0.825560994777263,1.58631149741396
0.330355419568294,2.58016299741251,0.176510485559755,0.326288803274656,1.68040989256672,-0.201225828802299,3.57753261498583,-1.05599593558755,-0.959798227117547,2.33579007845893
0.582733370613388,3.50975087728688,3.57544395644371,2.41879814453459,3.28942982457172,4.06315381605692,1.32492419888106,2.49642286191735,2.77554041330061,3.80646131414026
4.05810521884314,2.43173319509724,2.33533939770861,3.09104058145632,2.39459386381139,3.31183067829448,2.70686626744915,2.9194742094275,3.74624423626907,2.90496583321338
2.62158382556487,2.52935469393948,2.13168840922202,2.95102348643043,1.34798716648253,3.47499468631896,0.432972107794067,1.80858432781635,2.24180014756689,2.43249801637319
-0.408951464088757,3.58071329672115,-1.78727411897564,1.61537272266635,3.02513323865473,0.308823961968581,3.67906753457787,-0.869848130164684,2.09146935036129,0.666437035753447
1.93447118439732,2.60968354545845,1.30844332372764,3.11354261537226,3.17186443192952,1.81274029187302,3.05307516897328,1.42760211931252,2.72469644864252,0.81198210197923
0.402181359029262,0.239368667292107,-0.0236507528850802,0.687606476101073,-0.490864221594423,0.951872797361751,0.591723874903352,-0.651981536681794,0.329680856946055,0.151204356180423
1.86019902624197,1.7015245435036,1.9800951853445,0.156283839054226,1.36921240131752,0.0144176916103664,0.992244787459775,1.49899429797799,3.77274044346911,0.756969915589739
2.00252377841619,1.74497234441706,3.72726222412788,1.65728936582264,0.856698580890104,-0.0614797303344963,1.31427350353355,0.79704905090475,1.19444451512805,1.25634589802371
1.12680866975287,1.40828442549815,0.786098646238797,1.21374488019645,1.55012777183076,1.66582678196363,1.09507469864858,1.02711664820426,2.39703587508378,3.93591170795442
3.32128984853643,-0.111472388167423,3.13703361686528,3.15136189802552,1.38605416554569,2.40808852064288,2.86169987326138,1.97354172185723,2.06596074834853,2.06907131856471
3.74841048729598,0.415945680928474,1.64796247672062,2.92276001736658,0.637684000422313,2.94738727870079,2.46523560073198,2.39655649333466,1.31088162231135,1.03973008568817
1.38346176599736,0.503320542123207,0.760684276545148,2.39359381149376,1.08824405768471,1.48681092637298,-0.202340810084106,1.45241431042983,3.7415309448011,1.25297638885694
0.946441939355964,1.0898687557022,2.98242788025245,-0.393128645292793,-0.816126045291856,0.381654394346756,0.738555140805367,0.225412861352877,1.82505375733282,0.649297546107085
2.93177084648427,2.84068890558642,3.08782985657834,0.724258272694513,2.89150591164833,2.68683067825442,1.77822823976838,0.924896307363626,1.55195234433323,4.02517653768612
2.23540217188494,1.45419843694106,1.30710549246243,0.766245070982934,0.199446441769629,2.35669033724299,0.271093917291962,2.22821349924392,0.631700222427364,0.968676173190037
5.01179367350519,4.40223856145211,3.20373390990883,5.02668813585134,2.81997503560738,2.83533740717893,3.54746644975139,4.06429750233412,3.87751699635255,1.69295567605617
-0.719861305589188,-0.972748404787133,0.696462177743246,-1.72313432770881,-1.32768712506963,0.187600176580104,-0.0437670619603174,0.270751562221252,-0.652297554270205,0.474363794485055
-2.36829435329917,0.888384086908369,-0.469178498896887,-1.49079473123785,1.35445088817392,0.958930952372417,0.505056570233104,-0.940874118598836,-0.63132987859042,0.421124419809823
-1.02371793276383,-0.921632533783321,0.0372900730809025,-1.25535772945887,-0.800134793730645,-0.470827218601449,1.32370136635785,1.43485056955932,-1.00313386287445,0.229929306995567
0.164879770130716,-1.78884261712218,0.61292978346357,-0.0795314244413695,-2.74964243530029,0.813626337699232,-0.424010584238501,-1.98686649859633,-1.17320542405728,0.0953531769099083
2.5602082701929,1.7727470664688,1.58686697216488,0.794973399737033,1.07277392276986,0.773050797491268,-0.132149210661431,0.13597120607082,2.10693136801107,0.90460547109607
1.52663308621657,1.89875812356795,1.63635369229744,2.46479700247267,1.36624545215744,3.53587714483858,1.70722429632622,1.61388697009639,3.22062722318963,3.67338096607143
2.32486529675732,1.70387587451008,1.17830604861419,2.47056234052365,0.892159748697603,1.51786354445415,0.763418543213568,0.864462555463182,0.868880423656844,1.7094346672987
0.269147661589876,-0.633318557201237,2.702460564656,3.20916711938632,1.96847054271723,3.64158974809768,3.21439966793195,2.260422242203,2.512812979158,1.30741375874683
0.362052488783719,1.9055243436349,1.30918437240807,2.39861652783663,0.635213523079122,3.60190884611977,0.993697797948411,-0.578167915674958,1.66878544616219,2.08644843877108
2.780972480055,3.49513460471044,1.69858689214169,1.5805528958634,1.09457589429352,2.89209896661976,1.12764932654824,1.86715821625155,1.39703503962719,2.05875685603806
0.830891391534459,-0.864521011985469,-0.556571090170467,0.882774844889076,2.22555306748732,2.39653271273666,0.430626492182523,-2.34180665791186,0.562572380552513,1.98992526731184
-0.589069653769618,1.42822869520422,0.661410317982034,0.924716593803718,0.0352714713654824,0.544147841690874,2.74996459007225,0.446748644186586,-0.394990491541937,-0.144284678324361
0.202683288866828,0.304375108393019,0.347530904722728,0.911476499383375,1.26428734448161,-1.51916636557688,0.625069522669583,0.325393091091439,-0.190639761816741,-2.1054931999332
1.16190014439112,1.87793765154912,0.984251869789673,1.25859900890755,1.67155519491972,-1.68528496976918,-0.483237051884208,0.134042882616686,0.995102184528261,2.62165394026019
1.24251156343322,3.87728056262487,2.10764290930339,4.4866961531272,2.81622610990333,1.97613448937177,0.727703391033439,-0.259120326694373,1.52722252619186,3.146560297188
0.42301843592569,0.768122211286976,2.79724793465577,3.09961592061853,0.968070425855853,0.449102680018684,0.803622121245254,2.13944247980603,1.59573865787749,2.32421214820356
2.06978881901156,4.48009373262153,1.92755978744302,2.2816799458646,3.78196107657991,1.39543194112758,1.62529669942227,1.20615206309678,1.05226733292923,3.03010196666634
-0.550716313086546,2.00553462328429,2.03535539498382,0.317931282300232,2.04758544786928,2.1313260455865,2.51344989993949,3.30014432848501,1.48682403678091,0.651051430307525
1.23085193411726,0.384256623921015,2.21887431385941,2.02198916877993,1.34299383229357,0.114717815464434,0.746750068347745,0.965923131231764,3.46527914384282,1.90138865912961
3.26622698902024,2.29749411898215,-0.453052844965451,2.43055298070847,-0.989697539333615,0.871768423919811,-1.53665844134075,1.03285695798934,0.372366587542535,0.949266665276587
-1.0358104468267,0.276113022924926,1.52051311600223,1.02579945630614,-0.729463948495703,0.107108082912335,0.603474908741224,-1.47416457974877,-0.11798517188568,-0.307056509591065
-0.394459392750348,1.60313949564771,1.13397827319308,1.9562246431964,-1.51768303897569,-0.922535295783575,-0.0937143337047102,-0.166572793025413,-0.45965165154359,-1.92250123312529
1.09918724514067,1.86038798714519,-0.376997836608686,2.6091560672103,0.149228463708643,0.518261651074529,0.930158213066261,-0.312843283657554,0.635191103005522,1.54698261112183
1.68407751231607,0.302055372503179,-0.16147826598656,1.29848022703852,-1.5298028822854,-0.123742580038031,-1.14639937412957,3.99819095620759,-0.596928196981509,-0.14027586146574
2.63910172220201,1.59762643475248,3.17384109583938,1.47103494911177,4.48286746916731,2.26655429963383,3.71106655696686,3.64014773618331,3.60379847879873,3.89961070401631
1.13187831368541,4.77949779674714,4.7105165317,5.32877287445009,2.75805394179367,3.49872158534666,2.58131113606668,4.63814281580204,1.13975605666206,3.19654953293735
-1.76577560274851,-0.947776714078588,-1.22489153167876,-0.0667035700080947,-0.54421543266349,-0.453170612367811,-0.646344156283377,0.304253959762326,-0.172737643338605,0.871447418999208
2.67401411446726,3.31591095766763,0.380863696037467,3.14440931579746,1.89816322939679,1.83347839581455,3.10649333022639,1.50085044022255,0.281525864075763,3.79086736543693
0.583404979812669,-0.00189950692506365,1.7530093028025,0.0861769917377497,0.534510467094994,-0.322083097944198,1.30623675369709,-0.070850360683785,-1.43213026748952,1.23889679107195
0.54969828424126,1.51181913534944,-0.378872180326383,1.27818293859506,2.47032277274798,3.24983121968888,1.26298696493419,0.915495846879404,1.94049714373227,1.55214785730893
-0.828086160980943,1.59525266337002,-1.19880837103841,-0.725060506037618,1.0734804826343,0.333042817644878,2.44349648445466,-0.798365623010671,0.86218772514541,2.16588317218412
1.12424433387669,2.75980338873417,3.45796806239954,1.64507848822444,0.898209620453785,2.75764722958723,1.03204669439647,3.12419997874772,1.7685272824672,3.73978281129173
1.57902252946679,0.109693621057891,1.61179385942292,-0.55174666182624,-0.946222089783693,0.432371065360607,0.319862685200505,0.133848061630537,1.7900531723678,0.597943429036443
-0.753834026492387,0.752922448152094,-0.067590319790968,1.6271514029081,-0.315822233394203,2.98806556068378,0.161457387291721,0.747540999453841,2.33993412252146,-0.113111176116035
3.0251649610477,1.86740498096851,2.52703555866678,2.45381065573587,3.00237315748988,2.44510263331077,1.75562554267278,1.02879858230847,0.187828389409872,1.75143543263018
3.4802556924147,3.14090725527461,1.32580614799027,1.82346506817732,0.12845437626651,1.81778081956132,1.73792465554214,1.89334703057062,1.78324504168544,3.20623124859759
2.29317571868361,1.62977951694968,0.88155031285887,1.66996488802515,3.54310611161145,2.49743862338349,1.62753004890878,1.7837291524829,3.05806270389737,2.33955757509295
0.757149852479769,0.36909022207068,-1.2666293721977,1.83395159625937,0.714077763459522,1.76574158169795,1.33784753724865,2.63248947623876,2.17756205374853,-1.42743510612358
3.61131735699173,1.10870181802018,1.53438638266069,3.32133434875284,1.33479708099941,1.90578110939239,0.619492453848237,2.99337760717413,2.01988332613794,2.0859457250332
-0.246450249363302,0.681095271293371,1.36154772972138,1.54964834357269,0.211930716114646,0.787529339660663,0.850374890122329,0.748210731893037,3.18687475517514,1.47137431559596
1.66518355115169,1.03387409657156,1.95155944174193,-0.258069165163583,1.03457113961367,0.949986579982085,1.96291682050857,0.747371845289635,1.96348368387224,2.38081811413894
1.0587138306659,0.501656263696445,2.92985123926267,0.873194748144819,0.489968248896794,1.60834286886124,1.34787894817972,1.45044131823846,-0.333427662808823,0.188480179538631
3.95724869431049,3.33588389125609,4.4993418021044,2.54777422468494,2.81410366305986,1.71802045256902,2.0714349562097,3.67962111554246,3.35899387139518,2.62805550286593
1.77076279629934,4.10322971258763,3.16059358163505,3.36238814743214,1.59398743133323,0.212723396797451,2.76210617655304,1.41892208445665,0.608750876221873,2.38679965178018
3.26850574933373,1.99239778632738,2.13813205835977,3.24922355153858,2.17570548931519,0.712283740911829,2.6606453500165,1.47525688656547,2.78300707856013,0.0900294136961775
0.904084649965048,-1.18359725657423,-0.805934393970845,-1.17163114386511,-1.98565784063686,0.921959830542074,-0.990229408468496,-0.185390608164342,-0.192924087347807,-0.280139071104848
1.72942322116125,3.79850911179587,0.10398510516418,1.38727403742701,2.6094086245302,1.20781927320376,1.28108589901478,2.71378156519742,1.50778180999255,1.9550048191542
1.85886365341756,1.08134940170769,2.12966342834898,0.52599183766464,0.78779694624808,1.19874596233695,0.963816941640217,1.53603471487258,0.505445462340333,0.836921550594253
1.16399734594048,-0.00234742804523491,-0.0374554703361218,1.52828793754038,-0.186602516829395,2.177347911167,1.32863589374062,1.16631922151988,1.57938646379742,3.42097515518057
1.63933040792268,2.8513143919767,1.31930391681353,0.536745219752131,1.26510280555328,-0.702018638546873,0.514414393947816,0.798115212965891,1.66140967691872,2.27857783899403
0.374822983074154,2.35822062769467,1.18351686923145,-0.038589347962783,3.1316416518682,1.20330363062542,0.897676667724328,1.46298566369188,1.51744962738073,2.37553449609636
2.39981774378093,0.48931819244018,-0.250558478072579,0.373036274230353,0.590156111038953,1.64735476299194,0.431429108847928,0.911584535188408,1.28295679332905,1.53073692279173
2.55618396600382,1.4203789825645,0.0239885852057637,0.614774744164537,3.25904126437968,2.51260484374412,-0.124376840633984,3.37555767655202,0.722944100171824,2.62553111035551
1.56469481369356,0.891156344302257,-1.8793581386716,2.67078793096925,2.40973701242755,2.09971953595759,0.511264150422406,1.59781961713278,0.8332498215291,-0.37727882669629
2.16710645511563,1.51484728517165,1.89145397271671,0.40635974924891,3.15246457455548,1.88807066799366,0.801734415475846,2.13962073798502,1.72995545887396,2.54964763356017
1.72546676071275,-0.0339457201756198,1.51383871016052,0.710870548568763,2.00170909929867,-0.324813389728442,-0.28839648832418,-1.43965598205283,0.537464805828569,-1.65700517731379
0.00300954759847416,1.69797506306151,1.20524590057495,2.29346270890988,2.0932528848006,0.829175371210575,1.08276002822465,2.07416282065958,-0.111123076835509,2.0454132571241
0.119642001441831,-0.0855573539964994,-1.08240465237497,0.719209257887395,0.703407669114503,-0.0575904804515536,-0.289842863059912,-1.49396261917545,0.62073924907135,-2.40443582890929
1.74338737099403,2.57143420366674,2.917979683607,2.35650929487924,2.57865762295857,1.22325495187341,1.7251066278017,2.53024076406847,2.46538079748892,2.03955387690503
1.32794738135347,1.9954454450568,0.767244676707307,-0.937191936900027,1.21783708469021,2.16298739748907,0.363008952844695,0.197304063515935,0.733355582525571,1.9650398607479
1.50543716729449,0.811776077977457,1.94497337078318,2.85020736103806,3.66554770143357,0.702053524953141,3.18394004799899,1.02643569266174,1.07835839937669,-1.39525545764933
2.25577705473164,1.78112010121778,3.65428038837362,0.410154584275757,2.66396679588171,4.00929831531737,2.63477721650988,2.99549427706624,2.83899790990357,1.45264461035762
0.530165242596181,1.06839509161722,1.6488391839698,0.520711881519238,0.317643832769715,1.74001239656602,1.42615522640669,0.773060061652857,1.5271298189136,-0.1558279367784
2.43816732881167,2.84271199895865,2.329648292014,3.36031566433153,2.23651186476506,2.94297325727006,2.40805040320794,2.82761296386204,2.92541739060964,1.10510472033623
2.90512550774671,2.75409201275756,2.88059924440885,2.6648874733965,1.72789492631112,0.980385489985696,3.359130612329,1.68781478133651,2.03891647675356,1.65407920463493
0.0587540051205818,-0.864323610199724,0.61146193109446,1.99556653440197,0.092528077289107,-1.51109949922373,-0.982891559649359,-0.950980293805448,1.11071327100226,0.164322817402901
2.26399302074314,0.921395558385238,0.341468547737269,2.7997992863603,2.45388639691086,1.2505692921268,0.00599296560964779,0.581808032349062,0.779713834727477,0.597111461754464
2.05205682041933,3.79038906234858,2.08202255375349,3.25100269760158,4.05163430315491,4.5750704828217,2.93399430659045,2.31582307632385,3.77376489080727,4.86077131603584
2.63922396279206,3.40767742080368,1.42053200142421,2.49526648119227,2.69275171371914,2.04073080329571,2.25082361427,2.00735456868273,1.62676007674122,0.984694514281187
0.560286020334303,0.436606023480103,3.44131586641848,4.84565276223549,1.1888281272172,1.45566076741939,1.18668045616474,1.45743659498278,1.82552909083869,1.2840809929555
1.5289674470083,-0.38390091826961,0.517844056936656,0.0932942305382176,0.98416167734057,1.37565810216542,0.951942515525292,1.58786759973338,2.13686733794649,1.68262094237695
0.465261123072348,2.8521911170873,2.32052673252751,0.237572799926952,1.1562600481043,1.57866176474113,1.15569549343864,2.30986789193545,2.18607252063875,3.08740019463133
1.13434144726129,2.06078537677047,0.465861493568908,1.08326908493117,0.964404594860363,-1.42840623235534,3.26715046369861,1.83844661726245,1.97231831614569,2.11512872465986
2.24778957230594,0.528429352713972,1.5157084675876,0.576756786133482,2.56004517804009,0.894422966505955,0.282296605293958,1.58351167314669,1.28877664685926,0.986999176690454
2.78759071307328,0.19079895018602,-0.210770270065578,0.488882230508287,0.90451991074263,-0.414137679402679,1.02405719704401,0.551467412164893,1.34792622448026,1.94249640129768
2.14614686384628,0.908680018024359,2.06649828925948,1.79612283569862,0.294530806113037,0.423872132739715,3.56170546848294,-0.239140936002318,-0.13700102070089,1.35849450237148
-0.661397274284226,1.42087007867286,1.5133128207741,0.0765502971245529,0.36136105469279,-0.901714222346429,0.956748067096892,1.02386810883419,0.00575756849957387,1.27838060478808
3.20567026205057,2.34166131073981,2.60406744061757,4.17345254209951,3.31562941000722,4.5285323997277,4.7399638030824,2.07507751121019,1.02657555454422,2.78674172060663
2.44139774605475,4.16399371651212,3.28414552543242,3.34843956868441,2.92261256266534,1.82772190965611,2.72650369687114,0.909015096662881,1.9141821126289,1.32111067410308
0.0304921785089618,1.57420299672074,1.05371025040412,0.724501908939949,1.32283288941311,0.035595172144314,2.18489645263819,0.535618360936708,1.52277134484622,0.657349993792651
1.39843536973717,3.01769105077049,-0.238037153178871,3.00440634392934,0.623427399886277,-0.0343712559383667,1.54171332520886,1.68788400421212,-0.0590685845425805,1.89130009616087
1.27194208304473,1.07210112275127,1.97787352342821,2.62717076656335,3.30039132819519,3.53640829266447,3.28644585205906,2.8723897325124,1.70706913697785,2.39996441993997
3.11890186561323,1.03915403319534,1.41601827589816,2.49855967846504,2.9193795275023,1.735059663899,3.26660206280998,2.30607960498612,0.867782337949921,3.100313195431
2.67281057186957,1.56327317089576,-0.251199656212938,0.98407197759571,-0.292305383849186,2.2972104297327,0.819347628764553,-0.158950505738632,1.88136112197875,1.34598228214068
2.56012142811057,4.50394242951169,3.93309040078752,2.00504047970978,3.72289974875689,2.45284725152232,4.01641180947419,1.79294099873759,1.95943281460973,3.86623950413206
3.24828636156428,4.54525724470517,1.32353259051382,1.7753321100514,1.95499453381866,1.53316967748099,2.61710171710135,3.69237634738674,0.159664221998081,2.07995218836647
1.64608915572883,0.406009722147012,-0.694887429229569,1.31133463322284,2.55883740885239,2.60898152524132,0.72030984133717,0.314347178377272,0.608200263521975,0.296843973050007
1.91471795687627,0.797209777281553,0.395459653439981,2.48700593211488,-1.00511108305957,0.390502446456447,0.345551423506461,1.01192408409206,-0.785657873023359,0.304553839865379
2.63504882454375,1.06202691479231,0.551621135489654,2.24032500209079,1.51114530226814,2.83028302021339,0.97521338059053,1.95367388074267,2.56501699498076,1.41826954822258
2.18076315337933,1.04658987007116,1.99927862834951,0.879694027943126,0.671462901003008,0.691949176791713,1.01404611914093,1.04294626867641,0.293805905072238,0.846370595047697
0.0893902190751272,1.7627875842833,1.07753290667757,0.387272731218002,1.37219021118647,3.40092198429864,1.19977574069113,0.881819066072589,0.532537203753513,1.42934338207475
0.362316971610817,-0.837796298346883,0.738333547384705,-0.431073273544044,-0.420270813260546,0.502512325863055,-1.48085513003501,0.79193563387474,0.712971135817953,-0.428606899180999
1.93577670265474,3.17854534544039,1.0271969996058,2.61417294153324,2.44879262666001,0.149584870866926,1.84173142502004,2.20948745418456,2.69562678202327,3.39736295247699
0.519957085056523,-0.843770623616039,-0.158681649309116,1.28153361866155,-0.528925862703994,2.0434001002053,1.57705020376405,1.62151835839766,1.19904126261338,0.116263135607352
2.45017899783376,4.0293304459586,1.98359301880415,1.9238952311666,3.71913572663495,3.04280796696264,1.40097637048675,1.11298859164063,2.34639513413522,1.81903069736299
4.22037488083307,2.12306384215049,1.67302309189861,2.15173069376166,1.5617067933084,1.36705997905882,3.01829455443092,1.55488722903018,1.81610183392915,4.13326235325048
-1.77623067262704,1.68556034573888,-0.329619600728982,1.16047358655412,-0.262049506491584,-1.06006142059215,1.13276177110559,2.50623001550323,-0.553773528791995,1.46445675534272
2.83870958330348,1.3169071702561,2.02941293782536,2.96332192762142,1.70965254998217,4.21982469011066,2.1707599877633,4.11205089013307,2.5742865757276,4.09940549176846
1.18588877040567,1.69306848819991,-0.139182010874606,1.29347415320543,-0.232501563710163,-0.710037202597333,1.34240837879512,1.87055769240164,0.494348447571076,1.31494960407662
3.34489490010694,1.64741122799657,2.31703456576221,-0.279532165715232,2.78238463039354,2.43748716565809,2.75095404224235,0.663490382057745,1.12372683690467,1.11876187685539
