"m"
0.116214360468058
0.500350415157144
-1.33600165290636
-1.21071972911895
0.941138173854656
0.935470090265611
-0.187802122170721
0.341125452936458
1.85946737407121
-1.00396770428091
0.857365354246948
-0.137286631425718
-0.859554894175328
0.0653665472462239
0.488460198832319
-0.39173568718789
1.51361381749349
0.302530402636416
1.59901448533556
0.948662574779827
0.784557776327803
0.782306810193746
1.06616694700344
-1.12080894368649
1.53931572944211
-0.677713072366953
2.06292477894059
0.845129436452041
-1.29471331710967
0.310473411108174
-0.49011243565376
-0.813155679215849
1.72767000489824
-1.47487706644828
1.24220378110869
-2.03722090834847
-1.77676125097806
1.25455340038744
-0.676179674298117
-0.870264947083543
-1.22631164518199
-0.213304844256628
0.347062804468554
7.03723187917005e-05
0.897227755532351
0.234896583490816
1.33530916640696
-0.932909971129464
-1.20537097740536
-0.594584978442125
0.542402605635034
2.09545327058023
0.841736192325146
1.30650551871356
1.87163762740756
1.51534256328792
-2.10550603227902
0.605037717546004
-0.625568457925995
1.89886327785939
2.02629185898479
1.05214131382623
-0.669898280224226
1.47799408831215
0.987973743959549
0.949084503295588
0.184722007399633
0.0495881888938543
0.115680030530045
-0.346426520294351
-0.861127485797166
0.0346435430331035
2.29767694918752
0.238975660715633
-0.292200994050312
1.09435568757236
1.23118957576818
-1.78993786424498
0.289630435253845
0.215599915521214
1.19802793312568
0.73250617300315
-0.797777785548846
-0.210984368058167
0.283776350869454
-0.556801644921233
0.632804183769461
-0.233370299404241
0.861237225582553
2.3172176521519
1.40453077949332
2.53639616976185
-0.641251049164719
0.939641622760551
0.511123876746212
0.128244296067303
0.709044982557798
1.47116110321577
-1.58813048210557
-0.0184653842806898
0.918425708570142
1.21637665756344
2.77777979735058
0.103073602351615
-1.31078411230667
0.413902947878974
0.90795036558047
0.119314303261316
0.232628513408828
1.06536980483278
-0.215426591462391
1.26439429929384
0.910077299327093
-0.500536137906012
2.67602664721989
0.623193780401468
1.5771625589628
0.383377124091783
2.1233118852273
-0.223240258899439
0.863590321609236
0.286376416918337
1.20294265809718
0.478126323129039
0.732639831222878
0.654241766760025
-0.987406779297923
2.67357852374697
1.37230414974118
1.76422196482366
-2.03949875076932
-0.624191321289951
0.0904966037433806
0.853270897198358
0.676919548947239
2.06625893480303
0.299502457510881
-2.04455116826213
1.3864171218708
1.49781528673479
1.04252699450676
0.017870639295095
1.16661536473392
-0.491527710777927
-0.231012018892237
0.271133893487477
-0.84491054848159
-1.06284907431013
1.38196864498233
0.302938765798354
-1.7827970488138
2.483842969537
0.57758307972002
-0.0535144131809585
-0.338376914525374
-1.58326811631915
-0.498937313131437
1.3076229198503
-1.03560292309952
-0.593884263302092
0.806967992453347
0.750895363185192
1.2464494860665
0.844427221982981
-1.20158419354391
1.44510844036955
0.867451330861599
-1.11003378151749
0.493008274495121
1.90457171149809
0.73866631933319
-0.614853849688307
0.8057886305348
1.79009848137994
0.134819347818163
-1.61581456431405
2.59675713221074
0.211552177911392
-0.467586676434769
-0.679630163347212
1.94023353206342
0.721806239684468
-1.02913199758783
-1.02118980950905
-0.467295272195951
-1.15356978101091
0.274800788374714
-0.675858451799371
0.60949752434713
0.730443517800942
-1.79412576037011
-0.575070517493387
1.64751708526673
-0.866354425692853
0.576493412314351
1.18334579286809
1.5768511601898
0.439978482965343
0.175434110213854
0.627413611527829
0.357873465168114
0.758604359855436
-1.32767089325177
-0.483341590127562
0.410525183956194
-0.242081544175049
-0.197347430942561
-1.05791768423979
2.6075288391952
-0.763742200851988
-1.57067749763847
2.00943195162187
0.363708065682367
-0.0234108198841044
1.18969996560774
0.691291576588546
0.321414991869265
0.39395648717501
-0.506075764054019
0.325997811783729
-0.0622271996570395
0.503202984234047
0.296703697907682
0.738542533818366
-1.06153158192454
0.578272784948674
0.478735060028818
1.49998964442024
-0.660294501165034
0.179449611276299
1.77022874404442
4.13034499414985
0.97844395126843
2.1749491038272
1.52770919931359
0.847525032597936
-0.759588535485995
0.423352944595738
1.21019277614153
0.794152730799151
0.872129089276123
0.704506181413049
0.489247345741666
1.14574235266222
0.538848391159225
-0.204900906182368
0.31236875142602
0.33690704591939
-1.18059109016707
-0.425610132302854
0.814563553513834
1.23216225622852
-0.0812216032839773
0.864252987232773
0.64184279186085
1.03032387368739
1.09397990931993
1.54497904548875
1.93522370130616
0.610726615464016
-0.915449992113679
0.51798176546907
0.250362328429177
0.915810822957812
0.0662643923854618
-0.76867754273426
0.711917372793961
2.90341868918938
1.30865386753158
1.8716271335824
0.804781224816937
1.7967800412896
-0.433799601959797
0.720759539139377
-1.40930791489187
-0.051092266576106
-1.80874535809435
1.86776104420602
1.8228495608481
0.496878564135989
-1.16394485682399
1.15447738506212
0.199599009651634
1.53320370881507
1.09170464655108
1.40097442310773
-1.01774518985364
1.80082363046344
-0.12996959566819
-0.421495731976954
1.33911867953729
0.278479188837631
0.68739091993563
-0.557790388115954
1.87824981835785
-1.16678337800466
1.13131882864563
-0.811693828085807
-0.411966046240172
-0.877567389264965
-1.36011411612498
-0.864651249865254
2.02242996559293
1.20389577002103
1.17298368662697
-0.464008756855119
0.289806978713293
-0.626312356338829
-2.00011068187576
-0.435246203997931
-0.753890459661071
1.06879040076692
1.06660856538022
-0.0904332534371666
1.22536971537847
0.844852300815782
-0.898016027362603
-0.446289368614519
1.56748805498441
-0.675738125285234
0.208841471874782
1.97913415090362
-0.395359185133211
0.114933748982253
0.804426788790504
1.45739169978327
1.35207414216285
0.070097924616531
0.829965379027727
0.994144015073671
1.76823077111356
1.3098048010691
0.9144257998221
-0.896071843483279
0.841540088712579
-0.455980576875136
2.1469842612299
-0.126445565108619
0.648547985647874
1.0165530001738
0.910177059002981
0.973895274932915
2.29150285673
0.713455468260556
0.28285451778915
0.598787757234125
0.149061981455979
1.02141254958596
0.862893438568442
0.656629839443694
0.0225662046068746
-0.0727376942534778
-0.0844347742540452
-1.60126962388665
2.60577298357637
1.41983366194026
-0.510542632827109
-0.531392577832849
-0.684057241314925
-0.366153904931543
1.3880218932974
0.903485455015677
-0.714828867456024
-1.02427974202206
2.43995029407095
-0.338012300772972
1.81099761144276
0.0186180900892359
0.323237129983227
1.56697188736639
-1.25778704279701
0.960630276777295
1.07868656435462
0.857950475789593
-1.63639450257443
-1.04808005969093
-0.363555334835884
2.55784850079197
3.33122093485876
0.824591516635591
-1.13035809276254
2.22938094207134
3.15284254580155
-0.233198836522686
0.0711530150590992
1.44685352551954
-0.437122985030553
0.351719922895077
0.813764612720648
1.07208424837749
-0.706198204067532
2.31099442246179
-0.9767215878156
0.382250687684348
0.8542636934911
-0.395249089956095
1.20730879358564
0.212324658127538
0.564782875062152
0.425996411544373
2.09999991075036
1.0553497033109
0.265994675220898
-0.175163314807442
0.187097122039101
0.788877637843574
1.74558534338765
0.798435351509489
0.569542883646573
-0.0605190742812284
-0.34282585241186
0.77047794255453
0.188652362193244
-0.543346774704153
-0.817175620032014
0.849290308928426
-0.742909358311697
0.467065608354523
0.751129158916887
0.420700908504833
0.997855365573664
0.121002371022035
1.0200010866606
2.10654221893311
1.6352383514793
-2.27095536126057
0.0475237459220355
-0.222833377329965
-0.95904594258005
-0.629379552026948
0.208663385029488
2.25566903719393
-0.635877009864022
-0.804125986496866
0.315036634116411
1.61696212556328
1.39106865639936
1.05712998369348
-0.820451052834782
0.160472808856028
1.24674171115289
1.08251809985334
-0.560171832155288
-2.61597552602571
2.16368245224011
0.0247699644196816
-0.576783828719115
-0.723792713255664
0.211140631207789
-0.139878962198373
-0.5218624376462
-0.111534416003864
2.37829700409811
0.575446820449306
0.0504488812060618
-1.34000678814373
1.02937000155916
0.0214402309717821
1.14480984791851
1.65185734248542
1.18412331187685
1.13181257272211
0.665386311253943
2.24783309385507
1.49123314236346
0.367588687798245
-0.408449234496986
0.10858221523789
-1.96995680029154
0.519164427437866
-0.263500341768971
1.05498106068963
-0.83728942992181
-0.143935826141969
1.1840771043701
1.17091992475968
1.98023838480067
-1.34432992193577
1.72222374345822
1.83302129274732
2.09404033181997
0.530120801448246
-0.00499675176557395
1.41885683086328
1.62552831139814
0.28196143879679
-0.318409027181123
0.544600339323156
1.65270876298633
-0.671247723108443
-1.55843527171939
0.749744731156203
-0.506279510546224
0.631303883236532
1.12063507182075
2.18210069377039
0.313096254097475
1.17464042617899
1.34849686820119
1.77703005648606
0.579887209349786
0.306288792727097
-0.150671822687678
-0.378018200245235
0.176428079974553
0.61726305708967
-0.609488342480707
2.48599430827618
0.54475194641944
0.560794742292054
0.420413692857715
0.691831575610608
-0.266555631544143
-0.374723972334692
2.27352942930352
0.308712356558162
0.192702104372146
1.44117554538139
-0.715382052823859
0.639133379849765
2.33497208426155
-1.37534945712942
1.64633236947375
-1.43271788550978
-1.52613991979465
-1.0353474039849
0.0833772156008794
0.766368974154229
0.356235715520343
1.40446701802642
-0.132329240041618
2.13724348325444
1.03055520862452
2.0789324854494
0.370275546510353
0.13696667657358
0.254755001254963
0.282576710604432
1.08805182527774
-0.121869247261465
0.316001988636552
-1.24994270793981
0.415718130739724
-1.04048183643109
-0.485860388428509
0.0862418713032571
0.0249139678873887
0.535729203069559
0.147380840968177
-0.344841693222107
-1.30845782769423
-0.802384199316776
1.4913372113393
-1.1914557900622
1.7539717400813
0.996746639769669
0.021233872565574
1.00074864558882
0.184734052641068
0.410472994100484
1.54772616278724
1.68443859071588
-0.549060008437179
-0.258804957512986
0.558387931375074
-0.225362526231767
0.612154698170856
-0.12307215518579
-0.114680863902875
1.36556281818083
-0.394040592500289
0.854459563842342
-0.51331773456616
-1.42819993322974
-0.712457617223512
0.372271430275872
0.30811658770922
-0.205909018397711
0.249221963267391
0.146939987022029
0.843865340357591
0.0994331326589154
0.923241788383188
-0.057657195196471
-0.129866923842895
-1.38680245640985
-1.61611080070744
-0.44543053371414
1.33710515503927
0.621828679359992
2.4581793882149
1.20520658784377
-0.10181211630003
-0.299859253977928
0.150261223506271
2.76766072394451
-1.02532771795565
0.438700326125368
-1.44150155260219
-0.269805505914123
0.350361419973289
0.648713225239698
1.57504161958526
0.347397569132011
-1.14228555697852
-0.932858823670945
-0.0697066708443388
-1.84155644385527
1.7031224946865
1.12704124535651
-1.23605305221064
0.237037669963793
1.31119968445518
0.388195108951807
2.62257160313013
-0.847016658825955
0.571764250542644
-0.502951446220755
0.238058096617814
1.39303873146847
0.504086351487169
2.90508778920227
0.566194259026513
0.0391013478618034
2.04973116640868
1.49669590631773
1.84752095992389
-0.417930081243294
0.359579674644076
-0.967457621184064
1.65461903286735
-0.400356906179044
0.595944445590521
-0.210179519783898
0.114282917835282
1.33335338213404
0.650462204074998
-1.18932762257643
-0.439742628475325
2.1566785607829
-0.787192767977361
1.04872370045232
-0.653984449131914
0.563928854592815
0.714895391003475
-0.498408267056016
-0.464906133588511
3.58148787725465
0.786281363943141
0.318154813397212
-0.258702893675992
-0.631245237672811
0.355244773463783
-0.130893878148173
1.53133516145851
2.29501085415941
0.110920886025083
1.15482207712611
0.22877804974468
-0.432559838473028
2.22120202539561
1.86576315222997
2.9407142540463
-0.896676322348701
-1.05488456797449
0.356258888737472
1.40170732922309
1.03133173019898
-0.114431652796598
-0.926059149584586
-0.570552875689621
1.51769629826364
-0.239191096732887
0.242463439614822
-0.0868268115456586
-0.815026652456007
-0.164552017571817
0.624397327270662
-1.61082559125455
0.0380769612647088
-0.992757249932139
0.392953013137723
-0.182686432585392
-1.3886468949318
0.68241744913543
-0.447867009719273
0.444148162285125
0.383842614594468
-1.13624768187415
-0.556313402775415
0.853326588682637
1.21262333005929
0.85455111864695
-0.310843544480758
0.414377856364164
-1.04899938590837
-1.05736280760323
1.54775334320642
2.78928662326434
0.573754177249996
-0.899807914255197
0.125282838091018
-0.224483178655675
0.363121498950254
0.992598660816127
0.179782152784115
0.572075478745051
-1.3906770696923
0.286393317791046
0.201278249526194
-1.39970649346585
1.24577586631129
2.46051663849172
0.623597419591838
2.09072247492378
0.684735842461637
-0.0903269902503648
0.394681519146741
0.393745700545114
0.711140644744103
0.337613104487998
0.223046601999632
-0.056628631881117
-0.189946056790755
2.37858916867164
-1.790570647731
0.282912580791666
0.952912754193691
0.731898448826955
0.161709906206715
-2.14366225007369
1.99726599712659
1.28760416531699
1.14930088579242
0.0458531356815078
0.294210145825974
-0.511171245924435
0.451979716031563
-0.442440387514088
1.36973594837056
0.124655749282762
1.78257489888929
-0.600024248564055
1.01703076970625
0.505601202631552
-0.535190197506675
-2.20481408272808
-0.765929485114803
-0.864730826722951
-1.08414080781903
-0.599539425758016
1.29555200448455
1.3698334079788
0.019641133334
1.44643738450758
0.996186013698364
0.246816897351749
1.60621204750394
0.822621776511806
0.341999727357046
1.51305983146334
-0.582121224291505
-0.0750367934471689
-1.18277796775005
1.38220116471931
1.27089632802718
0.568559867428694
-0.0702224426091895
0.181277817895621
-1.23581030708176
-0.585735871624738
-0.617320167492617
0.605249587888968
0.681719388737659
1.11035119266271
1.58247295706115
-0.42285019388359
-1.23016810248481
1.04643383444046
1.97132941680536
-2.29914495127777
-1.27906794521373
2.23878651095849
0.0270340927877329
1.15065934474922
2.21449374863487
1.00241990602904
0.966141526639192
-0.860384323335604
0.499691390878957
-0.570217034064494
-0.0342797177821855
-0.437945542455173
1.27608327073683
0.494367976437065
0.68907535286398
-1.03851910044569
1.7704245508896
2.01616443605364
0.36882663394144
0.748372197908902
0.893041281597539
-0.260382614065925
1.64599442968438
0.0630486738711027
0.394142161175514
0.383983493763163
-0.133637481709779
-0.683036139181937
1.75394974345944
0.460874450484302
2.61103104748511
0.439022037448348
0.303173059749596
0.823693883695839
1.04736736645027
-0.255967210638252
1.7868541884733
-0.00573698071165174
2.84763414901661
-0.514134397971846
-0.553349602101133
-0.166240802314174
2.28960425492489
0.938833773473965
1.20791208007694
0.760739006778506
0.310313281462167
0.377036039408034
0.5644859669815
1.03947001523438
1.11155430408577
-1.1967617461503
1.66029587517966
1.26841177096856
1.94209307430166
-0.320085336191794
-0.761342240236129
-0.834454725302247
0.194071608388555
-0.899100400903005
0.747827375722587
-0.568641604636557
-0.445195517008887
-0.349663193751074
1.40652996965728
2.26178826757149
1.49149164236527
-1.00349063109576
0.401078907482403
1.07092775966981
0.88250514614143
0.584840571773726
0.655892025840772
1.23889942458434
0.505080916674147
1.15036139333007
-0.759217399872956
-0.733015346135138
-1.52770033285994
1.33812266299993
-1.34090675955747
0.868140622369908
1.390882886174
0.192229798245204
-0.0804036801652327
-1.1485063762044
-0.155336749883411
0.318768977734851
1.73012913532981
-0.877041765112273
1.74256005112391
-1.01437666791224
0.972149778018005
-1.33903633713408
-1.22400648262883
0.120928429215024
2.16872207482652
0.300667498518767
-0.620983992526646
0.644346529802515
0.914579713004492
0.283062541526101
0.605626191732485
1.32754504355063
0.975912544483409
0.31968853040535
-0.497184081311789
1.00529518494654
1.04448086539255
0.919415180352885
1.02300476118433
1.5032214036646
0.0209387919355269
-0.261697743025149
1.85295025442218
-1.36045248669394
0.173718910334856
0.919051383728128
0.0978174827993959
2.16626986005663
0.395442445679835
1.67183207920087
-0.210535325008925
2.94794355612829
0.888206099581935
0.90828648557207
1.57399012178686
0.447479177782004
0.452800402728894
-1.5464407851528
1.72177034541192
1.79726076589809
0.308832282785148
2.22897972594209
0.624177750358817
0.747072900393011
1.72200651412686
-0.208432393447765
0.265330676913443
0.162690806891947
0.371507198771191
0.530506644075112
-1.50831799635069
-0.144780182659094
1.05093649742919
-1.0512054102763
2.00881267950636
0.773663847625631
-1.52989662775368
1.92959958978131
1.37949958185263
2.1727331849883
-0.322239594740847
0.158372675948856
0.222510946617525
-0.618993073197567
-0.518179629011689
0.112037537863155
-1.10604474722227
0.512144887431684
-0.249321997443052
-0.857993830899556
2.84587042959137
1.5301181139356
1.70149342763079
0.319472886503888
0.154148929812875
0.264805298496224
1.60030237786455
0.464898428388869
-0.189283394026139
-0.169953987419586
1.31876907821167
0.9233726825257
-0.1059126722794
1.17073597615622
-1.01604039768725
-0.308151121829256
-0.456612224411365
0.712650154241938
-1.43715784013192
0.301867259183219
-2.22685266127613
1.75769508639306
-1.0981539830627
-1.88564287957134
1.08434996076315
2.04940052104149
1.25666167776162
1.61365081470666
2.46710232522913
0.482070169593055
-0.915502983254096
-1.34891350009672
-0.320915208318001
-0.392272174967251
0.326340232438416
1.46186600178387
1.56550315240866
1.74237822580435
0.365805286401972
-0.295672431727964
1.81092510163198
0.470445139602089
-0.452426790135108
0.940578444743186
0.393992838744991
-1.0114456387636
0.358967949139903
-2.6503146898938
1.13027732095202
1.19490134633747
-0.380573801974837
2.39543563885735
-0.202249871530674
0.834695219577861
1.47405762147185
1.70941992983921
0.502354344058184
-1.53242508681915
-0.101991221084987
0.225581423148874
2.0521510825713
-0.496684271763755
1.52902577650909
1.27040855094309
0.442820972577863
-1.42942759422879
-1.70883672991205
-0.901909275966464
-2.0113251309422
1.46342089688402
-1.12813243948249
1.6244745199079
2.32255998451344
-1.36642534033421
-0.166679428362809
2.02301223352836
-1.3249054270708
0.138408228011849
0.0426032681410585
1.44453749186069
-0.276716742224452
2.56561373767955
0.225291879700183
0.195652043597429
-0.40156665483783
2.32256074318569
-0.425301763216919
-1.15556677045194
-0.433034333527685
0.098340623900533
0.758795049257935
0.550048163574511
1.63808240755681
0.651152303943769
0.728060967431507
-0.183401309731746
1.11932864081986
2.8546331671492
0.646381184762716
-0.457827316183861
0.0148161657626247
-1.68913819544665
1.3711116616906
-0.157922599843926
-0.537327205180506
1.58400142461497
1.13023287271885
-0.443350421365362
1.58187143953415
1.81309074944869
0.427213837771133
1.89189743163975
-0.932709827619067
-1.62968883128304
0.926067252160593
0.579754937218262
-0.678777074627162
-0.297333944288019
-0.594650449174949
0.144652116500663
0.298074845776831
-0.607544283221372
-0.294007865927667
-0.140281366928524
-0.432411052699612
-0.141846617938468
-1.09585369529707
1.54216945163289
-0.963313071948001
1.28044269570723
-0.655674928506765
-2.57118945357187
-0.502802063198197
0.818702324831158
0.197531238039761
1.16763495977163
1.0029580938532
1.39009688583695
1.70363945952965
-1.36751388335849
0.0308861408538198
0.444654973221377
-0.672611372800573
-1.01844265118595
0.57286653738881
-0.452414586596361
0.728824257107626
-0.130340433286594
0.512238081061257
1.29868700481601
2.92618998775373
1.37226970929982
0.33418034860848
0.329150857783858
1.71820432048318
0.797769573813163
0.481315041087019
0.907930271334961
-2.32926381388684
-0.04182619782939
-1.6692026438654
0.854799771432438
1.19676753882437
1.30154916812181
0.420734890691476
0.257792827526476
1.21927112154763
1.22018201430503
-1.14618259915165
0.0513190768997601
-0.898674513797258
0.871894993785483
-1.32862915025925
0.416276281790836
3.02603562842579
-0.119489616924004
1.3612575294683
0.295808752860054
2.02384655964408
0.920117911464067
0.134024232957975
1.51209590023325
-0.178914720895573
-0.369680308754384
1.69270749158343
0.4473962207355
0.632397490969816
0.364938897648232
1.8570553641989
0.196472732134874
-0.335331439958993
0.336392825939148
0.208977164113837
-0.388214563766105
-0.870914456025269
0.428178931999357
0.594508352620039
0.284521425190973
-0.36969692344149
-0.289025969905754
0.819481493617705
0.106752593105101
-0.552003032069247
2.34120852299649
0.593738226753377
-0.258771256370697
-1.13656605596633
-1.09646221752574
0.796895577968899
-1.3054988185172
2.48875449306168
-0.771380861018146
0.889909348686485
1.76659654721416
-0.130683901059001
-0.0838253686878212
1.43708773936015
-0.269938795497802
1.68474403987059
2.09663134326531
-0.336228070513169
-0.426887391671079
0.674351407083599
0.856525482025305
0.221236396929646
0.387168410616221
0.65542888747889
1.1889477723902
-0.525779986504018
-0.389562312067859
1.59080481069497
-0.932727924227396
0.393594208112051
0.647785504478624
-0.652934744474625
-0.735059976215038
0.237667651136281
-0.529481988360539
-0.52797652363015
0.73890377268073
0.571562786591572
3.40196482309822
1.62452486941887
2.51639601222506
-0.267287445567425
-0.264558229447616
-0.173736108591799
-0.188120236375281
1.16208112780008
1.1467260191118
1.79913631574591
0.629225942583496
0.493306372131126
1.09550741353708
0.00723828375344693
0.0610259158024355
0.512960190016353
0.472979731377096
1.82818896037061
-0.103721242293668
-0.366971155110812
-1.36695333935774
-2.41025579816158
-0.0665751283144543
0.157957906713775
-1.09845447154701
1.948116186131
0.885710642138786
0.963192191399896
1.14076396876346
2.20519971934676
-0.265680437525365
2.4624510440738
2.04922564678354
1.00818031688139
1.36623145086275
0.723270729259827
0.151403919322316
-0.854260654360068
-0.228821631358254
0.370854543444391
-0.606111250617758
1.26396922906766
0.589504485824886
0.777431609674243
-0.627810100000503
0.279786156894161
1.36914098197626
-0.885184384497293
-0.0172203983800265
0.659145491609927
-0.437854226368146
-0.987040884977067
2.43185572368296
1.17646291087387
1.58957065934048
-0.140666354711475
-0.652164890818907
0.711551454672016
2.2033142856941
0.70688774719257
0.553808584214364
0.912189229224294
2.27110748259646
-0.115864846287991
0.619562860485495
-1.35723764615279
1.01802060639978
1.86129431509376
1.22176987843628
-0.360005595641518
3.2165445923018
-0.0351482459124965
0.429608466537161
0.72007718439248
1.99637344703451
1.48112193353308
1.12133963227198
0.912145799324931
0.65900596800009
0.62062256464968
1.15013881195849
1.71880103701954
1.83133784841657
-2.02029809589533
-1.23503991510974
1.36381452578135
1.42270439288303
0.264619019581921
0.549510162517465
1.2593441499026
1.34928320653559
0.304254769671829
0.831133597231335
1.70324278734847
0.356796822060974
0.816468211905905
-0.183310526029612
1.60864542960642
-1.0364420419297
-1.50407635174915
1.40992326099358
-0.103236253160299
1.67734332615859
0.338527848106948
1.75148768958801
0.311924044174123
1.14237244480602
1.04859934409332
-1.68118443873124
-0.0921019166429267
0.971287780469956
1.58045477670367
1.40074486654679
0.759410298582376
-0.964181237006992
0.609780085288336
0.258453761549237
1.33676530586917
1.9093618690299
-0.749622233535864
1.04179278426714
0.829620282670454
-0.118286733350881
1.0885451801157
-0.888949579593879
0.111645915493425
-2.89826225363934
-0.0314696373988174
1.52115120515431
-0.0206185102057616
-0.834427975689566
0.464288089552755
-0.115181445885535
-0.833891617189048
0.831496076355327
-1.03099912842456
1.89070868972883
3.00210185438465
1.01025047721738
0.243577571700445
-0.37625013620632
0.00751345217233712
-0.428288641720056
0.510471595626568
0.516084373399529
-0.724572494230248
1.01927571555348
1.76640807515393
0.681901038861259
0.705108647412156
-0.621764897084961
0.944844094627093
2.24531754192325
0.359972900975935
1.03208041143669
0.983778220126959
-1.87855982567586
1.16539060575295
2.2834467109087
0.803048672769022
2.19610577769485
-0.955459095026935
2.61096779282323
0.546066521843594
0.089711507838759
-0.515219208733211
1.23803692555432
-1.12129880199604
-0.652724303592835
0.907407393267681
-1.13380850951771
1.27037666540826
-0.161082070365714
0.804084072858871
1.31702311496633
-0.773493472657252
-0.665120197855412
-0.971256077850407
-0.852971181123844
1.75824145183313
1.19682536696588
1.35004194053339
0.325682699208523
1.48033496046063
1.36431320125567
0.333073720389304
0.537536752537107
0.37526460885245
1.1061599725468
2.5596646610598
-0.186894665406201
1.39386980082515
0.640159343525463
0.0355764958690295
-2.92385536845894
-0.618033594935864
0.582662625456283
0.628797751453551
0.638345526758186
1.83421179420768
-0.772705961755596
1.3099931788661
-0.249227458975383
-1.87972830474448
0.129186822493834
0.227014913205953
1.80151826392632
-0.68484552100565
-0.79996840348281
-2.12314094267548
0.572414921331113
0.436361474493797
0.467497267793687
0.477594581191481
1.19450828589388
-0.265904093106004
1.5911857889775
0.972861933966233
0.672031241886113
-1.1008598465892
1.66813363296428
-0.647400604298644
-1.00738567569009
0.12749042434906
0.498523631831055
0.569227591658107
0.62735737028466
-0.881205478438317
-0.0543053187043509
0.62451217689745
-0.591695652309872
0.509418355813121
0.137044298283067
0.0922812464363028
0.267680108706787
0.823019299833862
-0.325048386271811
1.19359007129483
-0.436143961230024
0.933005589136497
-0.132477278395784
-0.499117830317813
-0.00581129531817953
0.0600107534560691
0.437385762220416
-0.077938474706578
0.964626414357506
0.157025640877655
2.02859685201337
1.08608806927353
0.92508869122743
0.705035415436414
1.91349453382459
0.577399281989918
0.0169133862087891
-0.527674713745065
1.13214081222135
0.792283904086142
1.18712351931155
-0.324842923248238
0.240965487681227
-0.535480264319307
0.14251180291699
-1.43664395899768
-0.965343609844938
-0.747044934853421
1.33208632455617
0.878431931865884
0.229490420367324
-0.440354535398882
1.11385375064925
1.75486248477552
1.18998467441044
-0.84758977142936
-0.192764370915574
-0.321786812868924
1.49443847578449
1.35854681416624
-0.153019135650952
0.540175715840126
0.244058980412797
0.750498867922281
-0.247129595073233
2.49996611184044
2.26250498101029
0.512579998158459
1.49587811165682
0.520066770348958
1.70720482331903
0.920195192854213
0.898971006643578
1.20024399636507
-0.912595963160084
-0.0364306852788078
0.790172172318482
1.29662028202385
0.632633839596848
1.49382217327438
0.937598208689697
0.699328135482178
0.734437637939024
0.37317690816197
1.97558374221832
2.20418134858164
0.146795628465337
1.10322838499053
0.786881909616493
0.166366782707595
-0.341323424099915
0.109245904150396
1.00580404859888
2.75898369241666
0.527750203700926
0.655294667212546
0.52158651708791
-1.59952075002549
1.61217283394038
0.0769703705193057
1.12824529840283
0.64714191996727
-0.279434444157937
2.35537440695123
0.174582700991787
-0.0866427466224129
0.82409048692464
-0.813835909267596
0.585860985956727
1.49320102833016
1.20449269604375
-0.211580527209646
2.27137260511094
-0.333130609089204
1.0152940046343
1.39430310909065
0.242193352134853
0.662638431962992
2.7543097325005
1.67693759162479
0.893646054980879
-1.05125369789796
1.65459829043037
1.05963997394085
0.281357588379589
0.500118582671592
0.0622005180571826
0.664728347701535
0.998510935719638
0.585316999513526
-1.03125348466171
0.410062645639625
1.43457431630392
0.67609197173248
-0.876423662780207
0.268069322533611
-0.562895379371279
2.49669924502984
0.486808417876968
-0.161224867563013
0.402585761708662
0.809473768084987
0.73681772617944
-0.0191699406343196
-0.664642009974719
0.639082593556197
-0.596885742504559
-1.01810487395718
-1.08981533814537
0.312013359575993
-0.532682285697796
0.710996333762029
-0.648108155650338
0.693397532464978
1.59862845143361
-1.0153335312641
1.4039836253315
2.24363763726113
0.295172069379328
0.0321819726187557
-0.595904663495515
0.0483203009805345
-0.133022141808295
-0.98011901277672
0.37847039360834
-1.77286051484992
-0.69568037136726
-0.389069617783312
1.65680719275396
1.31403302305174
1.17477812937571
1.13184501564777
1.27850404137806
-1.2793573860751
2.39991464254911
1.54820350842292
0.566536134351362
1.91096722488461
-0.395717558079605
-1.3153760315851
0.693900163413734
0.383899765473809
1.11161530693049
-0.127300840681056
0.626462101140385
1.69229096976082
0.439651525922898
-1.51759935823864
0.26354970261005
0.846559525811856
-1.030354389827
0.716412532515868
2.56745176391543
-0.678695224933683
1.53416060262991
0.119600470020165
0.25442565851557
0.138033924491208
0.584594604531498
-0.00299620324133598
0.378563079012095
-0.152530600388286
0.521585605861039
0.987219057273204
1.8459767068613
1.65144127886159
1.45533377608388
1.3540680317057
0.71236241145893
-0.298388463478387
0.134981801682307
0.865228721757033
1.44889720506813
-0.300319882395754
0.340346338494209
-0.640671060761029
0.246873984731659
-0.33587995061199
1.23171448376792
1.31116446740614
0.401856060989486
-0.817688290418667
2.04328913566545
0.684779288582709
1.15546182430041
0.138704183363933
-0.467991887470481
2.01508973140673
0.350962313795083
1.07501646195479
1.46739914146751
-0.0661416190365009
0.417785955387969
0.29113401255506
0.0767444375741575
-1.70320558302088
0.562736312982353
2.66017826880789
-0.896506548264472
-1.10704529783125
1.47971334212729
-0.0691295533294411
0.929879925469214
-0.721077732722738
0.324525890787356
2.16492766789613
-0.022545511429331
-0.231496092728918
1.73914653790416
1.4645050200222
2.34921781636837
-0.408991924991364
0.409886187346931
0.882563174642282
2.15593386242199
-0.159645409801274
-1.02647576782747
1.02131949831315
0.0245463147205776
0.03945901761844
-2.07500291927809
0.344555136590566
2.36361447035322
-0.296953726596947
-0.813267763364753
2.16908121219238
1.07895558351937
1.04422272605978
0.0575903359093605
0.480595680360302
1.30658408217386
0.872465092024141
1.09681601396197
-0.0696794773622144
1.20128266046975
2.18561437524643
1.0485852922272
-0.285105360194408
0.955018819369806
0.81366184235232
0.413813988515168
1.59648771435985
-1.46397131811726
1.2714457774765
-0.0659828687919009
2.36969013954297
0.279418319293146
0.829698889807436
0.795550306496976
1.09606246097732
-0.493740875448321
0.0509591719003145
1.79138644965062
0.426768571913158
0.545616449830051
0.311438757089282
-0.606088358978244
0.300777108404988
-0.682883617230432
0.0646987060773208
0.21554886868722
0.79309528889201
0.29651357928596
-0.969168462677822
0.46286833964549
-0.938746500687147
-1.11217768870204
0.462185734836649
1.42867829117451
0.227739977155102
-0.377849970839224
1.32826360837131
-1.31953229400492
2.84197796278385
0.479589371764072
-0.0571645894332579
0.509120941906195
1.49758643385424
0.296497475045881
0.13174013872602
1.57355368253634
1.16585880841002
0.300855646634883
-1.31789410567463
-0.306848309745451
0.144228521165618
0.403914463537604
-1.21474332385623
-1.49756378524082
0.276085151379458
1.11615203178221
1.56645131673476
0.087026550098845
0.299766885106001
-2.06150047706991
0.301619992265108
0.129683950821289
0.338203364681413
-1.11919021577764
-0.328710661891414
1.98118365411693
1.50018003014317
-0.61182815883871
0.156594456817097
1.44995173058598
-0.436825253521563
1.74373876352622
-0.518745308455516
0.985664543896131
1.01855075016609
1.48714944123838
0.476992070719723
0.341459982637675
1.06230799994357
-0.278628946616165
0.233048049600478
-0.136377893405477
1.41498276782837
0.128592982677141
-0.0351281444093131
0.783053946619551
-0.63300848743029
-0.535642382197164
1.22123412825313
1.27475156555139
1.73393280570131
0.191912876970495
0.51573523551044
1.83102520559929
0.596042413280792
2.45206307297954
-0.046948304971177
1.25812727975786
1.2891554490391
0.715592093478674
0.232553369931258
-0.911471798292775
0.341278633901805
1.54491811155572
0.297700538928006
-0.147598231159839
-0.464721836701299
0.333667333387233
1.70607680001611
-0.326346303140638
-0.169085314631899
1.36586207522969
0.591118600227105
1.4419234234939
0.531880714610939
1.81978274065382
0.308803827238787
1.57534290758425
0.62311403647009
0.0197608052092695
0.227648270115537
-0.0580391755732498
0.185560913523082
0.466731270273715
0.817467872797662
1.84061038852534
1.01897258047546
0.467376492283184
-0.0986929143511502
-1.26884654105153
0.151784757826778
0.485942614689974
-1.38907466216236
0.761470710546285
1.45969403350482
0.664173303464366
-0.209870929640702
0.240430815487518
0.727609992029514
2.29051444974243
-0.616017643195743
-0.675320314082138
-0.196928773584328
2.07029232783618
-0.78603613528317
0.849628686681972
0.918058083464894
0.400375540575678
-0.916318801354947
0.829360667866426
-0.258963005180922
0.505045998241282
0.270093322363621
-0.0487229105838831
-1.80896519983965
1.76926096797202
0.664726782095621
0.435258044966535
-0.829481311975709
-0.463871879653099
-1.01325693491063
-0.186014339847939
0.485643189274
1.02943649424789
-0.216273134648161
-0.622139558052506
1.73327922344259
2.4845977786951
0.782294244477381
1.67717250176769
-0.724093172759209
-0.188005474034393
0.476952558844226
0.803858725856327
-1.0584867166217
-0.127476754426726
-0.0937599394673406
2.68109942397242
0.662536207731971
-0.382834810282072
-0.436020669543409
0.0290354209276619
1.50510303272012
1.05395937690629
0.826900610311911
-0.176924969914501
0.374438428897648
0.0526473821154418
-0.0594868745730728
-0.606827667319569
0.269118498386014
0.372399232386785
0.927222613730541
1.08000281790461
0.375871712655571
0.866822974151284
0.435631327224751
0.134515053542174
1.04539934930203
2.61899865019612
1.53570381231807
1.18485425334895
-0.760140012626483
1.36670406884415
0.00645388974165373
2.12672849122178
2.06181583814298
0.755732015055094
-0.634784684378916
-0.343736090460543
2.46377749476023
-0.0917105285353179
0.746394113104196
-0.723201535036218
-0.338386454810864
1.87776578718904
1.07685060075983
1.00487449624242
-0.220442417627497
-0.142681254093994
-0.725314554517051
0.92916074793048
0.712062573153558
2.53040458391449
0.607995751974407
1.47320449909431
-0.225328925720387
1.61668497693486
1.62805725095269
2.41467388023789
0.664685240403136
1.95098607163578
1.05813587560431
0.341356593883309
-0.272902119715901
2.25216453662873
1.62353016607099
1.17246307838777
0.825272546235328
0.458564635078372
1.54778709119882
0.565190852185074
-0.736137453248078
-0.29244471180459
0.149687836583138
0.462785624736121
0.17198973049976
0.277072254412554
0.707967516207509
2.05685060684905
0.727993737316595
-0.731771804437833
-0.537679784394174
-0.112141320792541
-1.17766023750594
-0.6783425230334
0.0451196492304455
2.7964551569983
0.104806716938762
0.16336534275085
-0.19601366676536
-0.9151481039196
2.61178791587649
1.26466992543249
0.201840843262785
-1.23784215948274
1.93934058065994
-0.555715656791095
-0.849523967580963
-0.794781708811473
-0.486726175962753
0.0435439903249075
3.31655470327158
-0.488505691211754
0.825395168583207
2.75993542319128
-0.805714795376057
-0.821802886259814
-0.589228903999716
1.6530502308009
0.0155175541240254
0.0642118131663152
2.33599182872145
1.57539045137058
2.09496224566918
0.266952310184883
-0.000644911302402018
0.459376327755599
2.07093223210644
0.693587256980886
-0.0147418488308082
0.703209631475474
-1.05437185600898
-1.6945324119207
-0.447678447943272
-0.769044240984678
0.924931954491548
-1.17165040919406
-0.35917361766928
0.062545645816903
0.710393507142491
-0.0708929495173249
0.761186379508767
1.26812252727784
-0.535644183786804
-0.195822322684354
-0.137975115718346
0.672276254301011
1.51945560983207
0.9901621818289
-0.0336135024362147
-0.51561971009583
0.216925832070037
0.684985823858915
0.626709796785227
-1.19652255663538
0.98172912074183
1.18334483449882
-0.452802744356636
1.09170939753669
1.58530791927385
-0.324787795622646
0.185733938624087
1.95908682561751
-0.0969995187650234
2.01404650719383
1.50385795201894
1.11000191952152
1.05573644325651
-0.208493517035575
0.292955211578534
-1.61112388098253
0.271146094287113
0.298749202682562
0.580370924332257
0.0985803570403193
0.373423217625025
1.11504167632147
0.431265604146237
-0.753597136399453
1.26721918327423
0.971082833683167
-0.145299082621528
1.43153264927087
0.32745764171612
-0.04054232876642
1.10205128347945
-0.306446889303947
-0.606887101143813
0.0678428714978946
0.588036538541213
-2.26664034945239
-0.0515204821551307
-1.85369425352834
0.841496590035856
-0.600910548102653
0.427920254300854
2.09319243048174
0.606204590656091
0.113681728638619
0.780309112938598
0.11757985915093
0.508555559165197
0.132536598456663
1.34362142923248
0.645629211507666
1.7275560642056
0.857701948373915
1.69269307840049
0.414933343261416
-0.533441708019675
0.00120664974708129
-0.0675270135989479
0.353456901637504
1.7969359276768
-0.0643684031555394
-1.39932351761678
2.48738785153047
-0.214739174392766
-0.801365659332488
2.90937702280785
1.14207528260664
-0.86452997828401
0.20661440649181
0.989241544734399
0.357961823119906
0.665194701645042
-1.07067400346209
1.15962221669295
-0.243583225659303
0.0994746542321828
1.04398342309192
2.06551585267058
-0.202160384936149
1.3366974687011
-0.351889676361625
0.347671340783957
1.6062655793638
-0.933445074167873
-1.27227897199098
1.65795651227129
1.51841795884435
-0.330682333422412
1.03318842256236
2.78541554777519
-0.598768292613158
-0.24558228761801
0.315046513537964
-1.24346955963242
1.23994522390783
0.580199502149035
0.833520264350733
1.28744606626406
1.68329682398786
3.01582116328273
1.60295355976568
0.980462093471092
-0.70208646834525
1.53385628846004
1.24971991217972
1.40005251260571
0.58458032918034
2.0100500626288
-0.077687941198201
0.295289844024331
1.69313520925015
-1.30730463884018
-0.349898014260025
2.25028821119361
2.92999489262378
-1.00110851385182
-0.370831534409067
0.655056594657643
0.405650075170021
-0.88555351742805
1.54772264096438
1.55139662665873
-1.83202456450655
2.25117049680643
0.189062074442356
3.59458452271827
0.525993125001891
0.933158492591341
-0.865424842398126
-0.982016638578856
0.637388867916107
1.44471389139505
1.08865729177189
1.96980730856536
-0.363998768877939
1.68611986069375
0.340384929534642
0.310746385937364
0.329719681606109
-1.0425407367636
1.78578985846172
0.248331046591985
1.62341123307272
-1.02386275753366
1.07180138016188
0.30065296838311
-1.94871740121947
1.217692574412
0.683402603669778
3.03688276598388
0.638984651455402
0.717944009598232
-0.766693811946775
1.53547395531894
0.385125919626856
-1.9363301745838
-1.28711124986746
-0.236829710195675
-1.99965530003023
1.19773302294333
-0.404196318177585
1.99218594225942
-1.20585139029125
-0.759507083480723
1.81749157618816
0.610356597633061
0.905954103508445
-0.233080184894246
2.22747436862893
0.886678895461634
0.0675904185869655
0.891590636464394
0.599039511471393
-1.14200976761942
-0.380392129386243
-0.404042759930345
2.49797552342938
0.840907764023984
-1.46162992918674
-0.66120254238975
-0.956067737949923
0.70705467051312
-1.30724277849262
1.62470100061618
0.392988683617538
-0.115488942375121
1.99332118296414
1.1369956479633
0.490837674249794
-0.774646877732497
1.41039040010355
-1.15460889309369
-0.985707998422447
2.0199351892372
1.16527242667134
0.896389253550125
0.625897720287743
0.44383164578649
0.211258807367396
0.475520882949554
1.69279204753762
-2.08812417820253
0.574537781422279
-0.891025040398866
-0.0753192789577593
-0.418904869708471
-0.540553954857319
0.510778643621639
-0.242370023885059
1.63552253218977
-0.563269259621364
0.469981723837587
0.531418480121795
0.568933641815995
-0.645069575625094
0.366744285271504
0.600890418944721
1.13524513155482
-0.543448424078343
1.51090931461432
-1.36224104103381
0.982815190053873
-0.175994401517395
0.353172125018577
0.701830678548494
-2.01427798798059
1.97739930898662
0.723414803768123
0.648687528752924
-0.861052637365056
1.95497511056757
1.35606702633353
0.848194619553167
-1.41709645538054
1.17720085940217
0.850774761930172
0.947790058471685
1.13384224902992
1.5967741098211
-1.24868624592788
0.942676994770706
2.72586392536122
1.06423794714111
-1.31262235066858
0.744509869312227
-1.75273868049465
-0.499604247103911
-0.150751641521069
2.1787721334837
-0.492929924892669
-0.35793081799876
0.0466045136009663
-0.60630913686516
1.19349869610285
1.84740057019368
0.768093135471732
0.455261965683696
1.45659659687296
1.54604421080413
-2.6943570601707
0.899234552727946
-1.73640012776348
-0.141950940311806
0.574410620461552
0.754732970475138
-2.054076021113
2.5584451200377
-2.07668800602686
0.0251674567538915
0.983684849189991
1.51325503440739
0.222518318041891
1.16782912607507
1.50640576511425
-0.711667948643907
0.120116679032527
2.07988061609624
-1.4073261029665
0.618750694156488
-1.54248668632835
-0.0770155487558958
0.480262714656653
1.37594651030558
0.904273715268492
1.48434804738276
1.07653395148724
1.22667013613121
0.517259767788463
-0.379460149917015
0.995766395653985
0.530722959240515
-1.15842350846229
1.32846668616621
0.421652216389229
0.174587655943461
0.492271736229037
-0.248449645863184
1.35621431874735
1.53500411388465
0.80360557397288
-0.821828191723766
1.6728764273542
1.77496640635388
0.631856893608865
-0.446215178114907
0.34078866688422
0.572967061752863
-0.415315242112018
1.54597419342379
-0.189635799431425
0.71040338509911
-0.66280701395194
0.157105664255633
2.20619604801898
-0.392448188896312
1.29273563697841
1.7664854494259
0.381263481725531
0.935153436333328
-0.362369046708669
-0.716983890004693
0.651180977465251
-0.0649534834326995
-0.00688793801207477
1.26821856431988
0.226690653164738
-1.44478954845136
0.720133584910911
-0.0640490209469594
3.34157653715026
-1.48820042816065
0.833262134085883
1.26323902540676
-0.497689024553161
0.0143012228916312
0.456464190201075
0.172441080207141
2.00379899602457
-0.17991040365538
0.679297078151538
-2.10735425017024
2.32338918713339
1.20982014670151
-0.749488246460064
-0.548703018328962
0.447756073535881
2.40969934865484
1.26954217515661
1.69333851709929
-1.30474073467281
1.62516484719432
1.94763557893628
-1.13617931757487
-0.715681230586221
-0.319325162209287
1.27712301757668
-1.3992480817865
0.305768439645339
2.35874743715985
1.97941305398582
1.15843232480522
0.691275327057873
1.05806247728601
0.596845038001433
0.623913401317486
0.0363563863135202
-0.88103191122162
0.846504281001985
2.65616789255363
2.37309444937891
0.384331866948058
0.126390095623747
-0.0179177698913267
-0.00601355654722624
0.00286790709098472
1.43019376751541
-2.07812756205072
-0.929347664485074
0.314481822336942
2.1088443340495
0.579447602726373
1.00789807886516
1.25889674235274
-1.3429463497586
0.996034423501807
-1.01851956100319
0.329470506876783
0.875818566331752
0.0553103309444298
0.745713703603861
1.79447041258508
0.245708319894133
-2.1634193756315
-0.57170440164879
0.449416601721496
-0.245705262142432
0.407866223747979
1.30319722109575
0.642959729910515
1.68334837492561
1.34834045428428
-0.834593716096528
0.985971357885076
-1.79014246467088
0.10145830623233
0.919337270992187
1.95690204817449
-1.03402128223713
0.756224531903936
0.959083940846341
1.3895828837281
0.51384535778226
1.54484517688043
0.155490785669976
0.920770228716237
0.480441695005895
-0.699504536039755
1.40044170286224
0.506809553331551
0.619381212854347
0.251343357792119
1.82418723984063
-1.95650876253419
-0.276799112300291
0.307124300395127
0.647804620726902
-1.36085600444395
0.468380965647849
0.273080885175143
0.348100768741812
1.15052263912568
0.643041326177449
1.01692240249916
1.47984148230949
-0.279354708832287
0.449119159475589
0.0735107123007513
0.571086260031869
0.934884853617278
0.281508317337863
1.04407610904423
2.48596677496896
-1.2158376568255
1.20199413554558
1.23320244895399
-0.154910889072655
1.18255456983327
0.483905118002164
-0.0315895630392947
0.677808627239733
0.567930246715622
0.167011281607692
-1.39052374625163
-0.717148074887806
0.85845710605205
2.93693455542487
-0.726109853591014
1.52825994294488
1.73699259849232
1.02136753591597
-0.560733938687452
0.962474373317829
-0.317695367811941
-0.25972032918156
1.17846848279961
-0.101556858755417
0.177005949747513
-0.103556982245909
0.100203311723914
0.315856289736098
0.949471471353949
2.67487558449553
1.4940225992307
0.910205329057764
1.04204515149849
1.39767651405228
0.408463636987077
0.579409355635405
0.197638257684238
2.64044291260725
-1.09051329190824
0.664116156554645
0.790741684253472
-0.4156147699728
-0.195029291241973
0.305558487202361
-0.501900385162906
1.44012521528003
1.0656356407356
2.20840901504294
0.187277224442025
-1.64494071668248
-0.0616135653644473
1.55694722387295
2.20634296020002
-0.817539786600134
-0.54198089683901
1.29619349708136
-0.00264062792443692
-0.901257612976532
-0.66507458105452
-0.538276392912224
0.596394846402704
1.2527678186857
-0.792158022534495
0.937957743817304
0.0996212640451588
1.53349512542472
1.63081095311324
1.24279785264375
-1.20613289214507
-0.845299782068194
2.4670166054896
-1.00507281152781
1.09505780341779
0.497214459206884
-1.19211424826782
0.644986061594854
-0.151955791425518
0.23430348948709
0.735701998745862
0.581994607967482
0.755895849920698
-1.50804506859801
0.581282054842354
0.34407689717287
-0.431363803362914
1.04785847778614
1.16817905771108
-0.841321280807306
0.647457211539008
0.847910345221193
-0.0628747851541099
-0.693213631830011
1.39177507667061
2.60977933763793
0.982368547341147
1.04758552161489
1.25822359501771
0.981188861486401
1.38223693336145
3.34617013172275
-0.467166684358378
1.32723225106923
0.386177699373852
-0.829540727352787
0.355012826042275
1.86978943713309
2.77681995575482
2.17556490004957
1.68308329504551
-0.454100438191483
0.511610672675169
2.08512703005419
0.121338612853424
1.87116477960657
-0.748326245875402
0.235237594408388
0.841812926411193
-0.619401417320381
0.0931275077880763
2.00151108812303
-1.02996449412713
1.41989062934393
2.94122355345646
-1.09330670191
-0.8020100964517
1.07918248180244
0.610071339574994
0.500721556888757
2.42942205480754
0.525245379446564
1.21663932559333
-1.03953845071922
0.496289403649837
0.0912377963058521
1.95413245852668
-1.21522749779246
-0.590365045837224
-0.0862985411667143
0.0308606834919675
0.782058536836561
1.34567456515965
-0.155867611186184
1.00839114832013
0.27401876511587
1.8442791500273
0.214342887562952
0.543241861661035
2.19999774250285
2.41242778535476
0.692481912247073
-0.617379824948842
-0.247574991720453
0.643451318040876
0.484362318055905
1.44747464083421
-0.0336332003430064
-0.388438930611444
1.42024113657308
-0.0577737460523192
0.0301324831111829
0.289141155522953
0.13667053105293
1.17844920199242
1.63254733701828
1.80502508825914
1.5523590414355
-0.336706729642558
0.402773752402585
0.60510481491881
0.815765544812312
0.766416139198977
0.31605951822525
2.25475751987482
0.596433861828878
0.318215950735845
0.787165034493956
0.487827876343761
-1.14854002132561
1.16967211369567
-0.481936503875147
1.54850055133171
-1.16693583138543
-0.0630510879804683
0.332371260090121
-0.359186850946095
0.353551811096563
-1.21943431279852
0.774395306045164
-0.622539405549733
1.54210181320752
0.391143330553492
0.274656133034288
-0.268695566058302
0.822270223939303
1.01251005166235
2.49699444539866
-0.253966893643236
-2.2008250602319
-1.64186625504883
-0.425761908699057
-0.991787567067959
4.32570411585347
0.195603275288147
-0.277429067124263
3.47469815235138
-0.900372762807006
1.03565642384115
0.957515322893081
-0.252581380868192
3.03715867130229
-0.967902338848146
2.45888106853856
-1.2941411605175
-0.134314183965921
1.47232966532046
0.0438325562529083
0.313672306933886
-0.374043326620115
1.87143605565096
0.761154142765171
-1.79667906644505
-0.974520121453212
2.44175508013954
-0.119840896852992
0.570225156326144
0.745233364007582
-0.549411288159061
-1.38611512158128
0.652862470221644
-1.10383560207104
0.652170558500595
-0.156178514260542
2.22054742424606
1.22667850961099
1.07030822235202
-0.0677431172635486
0.55969194540656
3.42107198491243
0.61130988023183
-0.608980160333931
0.519358168280974
0.748338343044717
0.34006056876422
-0.0247111380633756
-0.0982191063771158
-0.534104058122537
-0.0650020307930393
-1.13630494327899
1.90991248838215
1.03295727256115
1.44809677760651
-0.133677334547062
2.44500085370727
-0.593570656437529
0.427107090514546
1.57550784444601
-0.694806433056616
0.163338725900212
1.26104597439272
-1.25340099791094
1.15212338836909
0.592642828153296
-0.364688416332712
-0.525321590289526
1.03314543976831
1.38892154254284
1.59083905639759
1.8193772089226
-0.416503690707713
0.225312922197466
0.601137163231027
0.870472367734286
1.32616636702022
-0.492266692642406
0.788693065039194
1.04835018208466
0.833445252883414
-0.651649147149563
1.05355183568299
-0.126665145502672
-1.71052575703214
1.56890217540021
0.791041588901298
-0.173483405334129
-0.276171408634307
1.84085760566349
0.0459756277051021
-0.679948349701321
-3.3431557760842
-1.53362793962588
0.117428541291948
0.518537790859284
0.988802261858553
2.61030033211192
-0.24241649508936
1.29503682829973
0.474522855678197
-0.740380077116338
-0.181374373527445
2.00372329903131
-0.475310121760689
-1.40025738014227
-0.565553252731288
-0.213579360173665
-0.014981523305092
0.0851913859601885
-0.176550381839435
-0.873017962940583
0.49710027213641
0.325876045951321
-0.474419599959088
-1.40458334319388
1.81473059471207
-1.43502258601837
1.07759296522174
1.26547865208003
0.358821654626078
1.25760273502242
-1.07817224104229
-0.00426133515944149
-0.20723542427566
-1.44878168077923
-0.461509969329077
0.468033342457637
0.308380635345244
1.15296450473959
2.21963453684261
1.47372124262599
1.39770855325752
-0.149036660728165
1.78323230713329
0.496834974829301
-0.0741268453327702
-0.390147851672617
2.57919325173922
0.405452388086396
-2.58283216839984
0.334286572153139
-0.00989291541343607
0.343207801791311
0.96680207500631
0.217694192230288
0.587383775634449
-0.149728324121415
0.465605579581355
0.310672493042822
-0.0754066121435282
0.801727113285407
1.83761566596167
1.43756311445751
0.157029592715205
-0.529533310441893
0.696035711792645
-0.339288751559071
2.2054509063931
-0.0874366224502209
-0.743322052800006
0.661625516473073
1.18071962249639
-0.302488985070226
1.11913954382331
0.758424201218484
0.808376769141405
2.2606104937522
0.745720914963883
0.841403300284276
0.0480446220224883
1.55382779095094
-0.204908882502375
0.411479856345362
0.516977744363731
1.38625826824036
0.493782704809342
2.45563729393149
-1.42462448215175
-1.9592759654073
1.01407677226123
0.446534743035177
2.02325404773012
-0.692799727370572
0.120237651135563
1.77716034444158
-0.81326230898533
1.97661480930145
0.836167334386069
1.6354190810125
0.741782704500706
0.30702100910281
1.93703998710568
0.804387245396164
-1.06555296073696
0.177262167734773
-0.120665977329906
1.74400060004459
1.31199126628671
0.418199282827826
2.29238176700904
0.255904452856505
-2.26864403606064
0.113938576275397
-0.589420541362667
1.74527936968712
2.10130480804284
0.609622630022124
-0.603405185725962
-0.354459502079502
-1.13022711443095
0.325042105938132
-1.8952126486649
1.98553072495036
-0.597254985814324
-0.695126666077507
-0.523972841792856
-0.201548346445293
-1.10689505383128
1.65398303348516
1.85110841161272
0.224866209568288
1.31096026707611
1.01734566256549
0.924398653831632
3.00991968340345
0.570220470021642
-1.70875023477815
1.62802158555447
-0.413443340776406
0.290787467867163
-1.28993628589931
1.33422039887686
-0.16336818797233
-0.690436468032554
1.25995794043419
1.01252589794166
-1.26836930108408
-0.274490656061808
0.512206842798238
-0.274206853264234
1.42069974043549
1.56821823500463
-0.452913109971868
-2.10926761959812
1.36172415180486
-1.95657871731532
0.698246914823436
0.75059984497596
0.726661999138692
-0.0676816062630674
0.847697329361951
1.98682769270141
0.268383413259274
0.391180303896159
-0.323195257032739
1.26184547362691
-0.170287092695992
0.306812058055134
0.961671940257584
1.13808700764443
1.42145420117955
0.683672286146561
0.360991869728237
-0.909681381544733
-0.230714718766466
1.0085629217114
2.54541475068878
-1.66197040448368
0.577830280512453
1.20045386266818
-0.116145535147619
1.75751264483385
-0.268904392540454
-0.539595967633893
0.380061105177629
0.60407744751415
1.0322138649354
1.35580077736965
0.591671149327538
-0.896531430118817
0.91804750403821
0.347647647392011
1.48205184383544
-0.999360566694504
0.668330066775702
1.27982833215338
0.088381210457093
-0.328716367732128
-0.625390349414155
2.46006912733429
-0.753004522190444
0.822803064519679
-0.213227205551864
1.77280673448672
0.0734122241796507
-0.520964250958676
1.00090266087287
1.12423576338608
2.09861305717535
-0.0550477309812286
0.350789864954753
2.15478339069436
1.96010992914945
-0.86545402285767
0.762653912387135
-0.152713327852474
0.389130702693405
-0.454038838713409
1.24341909564261
0.722837960262285
-0.167364147546943
0.0332025363758323
-1.04342490848365
-0.0372092740285618
-0.272674510700113
1.29092589953552
1.55071975790548
0.381777256433904
0.663100163159456
-0.712261041864792
-0.197487139624292
-0.0720683868256446
1.64118645091613
2.79166782938225
1.25047428109989
2.06877931396664
-0.926950388257197
2.11679033975
-0.0819521759032926
1.17898259744282
1.18982624545451
-0.060354304739133
0.353757859932016
-0.661664073244154
-0.0351390407453259
0.147681795138759
1.16227325978883
0.449787962981887
-0.706438035966722
-1.00399287466648
-0.927529503334638
1.57640791236417
-0.649710544421418
2.00858947914033
-0.0517351586053721
0.598727012537473
0.384415338476003
2.31770101333497
-0.233262859253376
0.130505265134895
-0.0751787847454941
-0.477328444482874
2.20494189552695
1.61194522397591
2.82559931484635
2.19789401670262
-0.14855590016051
0.453556323322318
-0.817379817769862
0.463765280629906
-0.0472771769106722
1.38180678835522
-1.01795889603477
-0.242478959388187
-1.14004680505006
1.38529161273603
1.44483956514972
1.81088542598623
1.03507409323417
0.706170505894908
-0.434392857020918
-0.351698350893411
1.49221337321834
1.44093798960536
1.07260973182969
0.225863790619564
0.665107640408099
0.835770900498747
0.0451162633278341
0.16162906416677
-1.72904567792832
-0.687963699155994
-0.227618539511759
1.55749190185161
1.04501780404663
-0.20298091012739
1.63856862522515
-0.394960891407979
0.641409669907915
-1.60237898634953
1.94125944778896
0.383850905905026
1.42114232056406
-1.39501444629327
0.274154142330504
0.870747526805026
1.62916034895826
1.83966058449189
-1.2682224315273
-1.60162889481123
2.36706680922635
1.674096628623
-0.112268341168048
0.297479841866806
0.665209841737482
0.000981314674427441
0.417189564550777
1.31866451786089
1.32100649305387
1.11741195539553
1.30724690083594
1.01270432981414
-1.54626097928849
1.96869025810792
0.486489574561527
0.501762747665966
1.76728648972567
0.414418907258382
0.417201063073331
0.683544342194092
-0.274188045872441
0.998707012222535
0.534488199591449
-0.572106094409695
0.884355785666284
0.160486025953308
1.24580614690373
0.77746094073847
-1.0399729160458
0.413628503478677
0.387986126023639
-0.619542357728709
-0.459134669322886
0.970992313857792
0.67395113780496
-0.605912136090133
0.684671030791233
-1.74347702658514
-0.00299510358038396
2.25965915892836
1.02617866031346
-0.0923043929658579
0.62138426910386
-1.22696415972193
-0.632407265945864
1.63080041550184
2.51848885855778
2.71750181592058
-0.290672827653686
0.98253331777754
-0.675691505774653
0.611663805321213
-0.724412920601375
1.42738540899519
-1.09530661104825
-0.110480108321429
0.0016556153979996
0.870822869902815
1.05063773309369
-0.641290168597681
-1.27110466763114
-0.271256588639046
1.50134066545797
-1.82304554323166
0.340908362505917
2.06657018622054
-0.125270431965263
-0.939135375453988
-0.638325357473608
2.45225931732617
1.03627795424541
2.59978188818386
1.00035750473972
-0.0726608955322919
0.972464799408256
2.21000422834509
0.390754996841862
-0.706336444013876
-0.242613310828657
0.746250556135039
0.866049028369409
2.0831989533761
-0.0932892241181174
0.60268592859531
-0.345297650036648
1.00679425159968
-1.08728941353406
-0.716287677117526
0.262865402310235
-0.66808687650589
2.07513869902084
0.421255608581964
-0.1704475291949
-0.906804881852229
-0.54100180731599
0.972278406257908
-0.924453983135174
-1.83072207279771
-0.406129347025055
0.582649102918748
-0.0306892697844374
0.196295530860364
1.43559922060301
1.04469782619219
0.61626735193793
1.31375233932053
1.81634127931855
0.677497343367408
-1.89562920679939
0.323438291457347
0.293923730134957
1.45480476285518
1.09990077801262
0.44806609615457
1.24308471442867
1.35850391662363
-1.82598505245745
-0.421689484661403
-0.577887480355573
0.621185758735503
-0.485444041890397
1.25233367432926
1.03291498980777
-0.103999056275342
-0.0106578921358922
0.156668251784629
0.929338098466527
0.381345434764154
0.378004570394176
1.18693017366905
0.286002305214186
0.443587359328981
1.07018756171057
0.230742388379692
1.27458392115981
0.895219633126457
0.265834373473734
1.59055101686776
2.23524172202124
1.14256401504891
1.35195010237197
0.16482876152246
-0.62628555586251
0.587190587865868
-0.405855288880091
1.32392837436773
-0.0850129767592891
0.559931417246923
0.890376229345199
1.52698019269163
2.65342816737757
-0.510076043282671
-0.0636263770503169
0.733413087906796
1.2435672925101
1.0411199762363
0.297168102359501
1.36309032285357
0.779280641296549
1.86200622773495
0.804017178819266
-0.308761958148621
1.03284445357565
0.933600345113914
1.11774951177679
-0.0205315690296688
1.45373479301496
-1.0678963517105
2.274071237
1.46721161891779
-0.0632733848076375
-0.695613149012935
0.0278659715111802
1.70899758103917
0.683260266089826
1.37557037384623
2.33691698247668
1.46063828924137
1.23124968403275
0.689917748784734
2.02549558670066
1.65234476004587
1.5670473436395
0.608694075562512
2.19446279318851
0.310356643079829
1.65484229014738
0.993340303234663
-0.390678818024758
0.194882665866406
0.257157105718612
0.359071442216359
1.16899747498326
0.972118903343269
1.22597723678825
0.266866810034916
0.252953890752354
1.0335007849288
0.48434147338118
0.719068822445135
0.492718216441602
-0.943147429855223
0.949849994588845
1.02554200074278
-1.37154462449578
0.111343770437416
0.356951382987506
0.925803085860016
-0.697672301033559
-0.470139844006186
-0.0472238761484429
0.386099081442199
1.43525231870505
0.129284890723542
1.41349190589939
0.102857800689205
-2.01384684933594
-0.062631788245673
0.330494515740027
-0.583037312291864
-0.504229389533854
0.661646635913906
1.63237530118208
0.274395680505508
0.445975968240164
1.14429925152428
0.424551290518447
1.7502305425348
0.177887661478843
0.114058692931262
1.08290938163805
0.629115610174535
-0.741700427196387
-0.706252451051171
0.677238845216795
-0.228736679776044
0.701976172660359
0.698581712001536
0.557209034656017
0.646475504919688
-0.183555606357602
-1.02480240838811
3.86291288610901
1.59668086409092
2.11074626420038
0.246055417445742
1.85874095649024
-0.899098533171644
-1.41580534018751
0.665858772867728
1.48413200986063
1.23753180057001
1.56730947768343
-0.856902748215519
-0.534914516466567
0.95422428996622
1.92812232973076
1.50331445626758
1.34925273264838
2.06596697611876
-0.679791037554596
1.79092642078027
1.31754392984584
1.41945022926305
1.33936482834935
1.30679135244975
1.05085734902822
0.0823643365896101
2.01250620666836
-0.386755019395865
1.95939801629687
0.504428634120602
-2.15395434614846
-0.315463248284385
-1.4258878342524
1.45485087924664
-0.862352414721472
2.70854187907415
-0.268826453187987
0.51753199829454
-0.952934684523933
0.765534024030993
-0.405293812288471
0.441233329784148
0.508155643162058
1.72278444899606
1.89076015513665
-0.381138486005374
-0.656999415842549
2.5063678370696
0.521604651974786
0.971284559069815
-0.619413346620927
-0.24022128483115
-0.321739109179292
0.543152005502347
0.0252976630841045
1.73246802965806
0.437043141040225
0.446331139595743
1.32741980499812
1.59931592510377
-0.0417742859368477
1.16952434460084
0.130871523703272
-0.0339019082068146
0.795198481663899
1.28643159284774
1.15057235460615
1.16853995482252
-1.01022300723373
0.904548348540672
0.961392647879343
-0.209100321195797
1.52711471575256
0.212502919805721
1.51204827823829
0.635694019557298
0.915742099902909
-1.26538864610903
0.717695688606433
-0.862722723534822
0.120650076881139
1.32946582559686
0.315165734265945
1.11362036794902
1.34860123831057
-0.329466745573568
-0.635699200061779
-1.35453378464086
-1.6651397447426
-0.556090718110219
0.0926812242987332
-0.648779923412632
0.274066268753193
1.22608499638262
2.82185508054838
1.68396782903123
-0.35757694093861
0.608752792196781
0.584825284952248
1.30038827778153
-0.0144202879334485
0.173722403239218
0.54844004966639
0.314920508483133
0.657065893278901
0.191441143665624
-0.13717596403881
0.273687537956393
-1.245153102816
1.72755406120819
0.347993376238812
-0.457666663258075
0.40982886480706
-1.34603691560434
-0.307505132081077
1.88879198925767
0.33097616825613
2.02714022151036
-0.637978826012708
0.829505631100165
1.44448792473712
1.56742592470078
-0.246597346879936
1.27888509209763
0.918502603255946
1.30108027667196
-0.450199993529599
0.894795612096056
-0.794193783629394
-1.6757781436805
1.44744176097587
-0.556343218108689
2.08434865092439
1.06058706348816
-1.06122366249652
0.594024640994531
-1.92601178487849
-1.20545347118247
1.65760256707039
2.13546349939179
-0.298719286732136
1.64036437398724
-1.22096732426103
1.61152870491741
0.265473761794632
1.11651009601874
-0.22957889608154
-0.215632311604917
1.2743644858177
-0.313401895876698
0.723567346138097
0.152175904973211
-0.321229924604945
-0.02567699149471
1.55331683791449
-0.104660043042553
0.00398308441106687
1.27997606249712
1.27302001832222
0.763165323984472
1.62627536371452
2.12356891031294
0.261676145584255
0.396624712942942
1.33085396160097
-0.400529961078028
1.07835175594931
-0.358118675713025
-2.47650099540678
2.04304506611434
0.685046820969205
0.350710618922273
-0.276282521577779
-0.378740644503762
-0.725079587370155
1.16550173546653
-0.53791956195459
-1.19842380975309
-1.44493460327972
1.28760817808386
-0.948455104589419
0.148389829939872
-0.846613746273092
1.43236223114317
0.73802136631061
3.64601654090754
1.05411016342435
0.585139318593379
-1.02067144592671
0.456730349598478
0.6848438648213
-2.20009118958282
0.489498964413339
0.577574947221432
-2.09328607163385
1.38398699778568
0.088704886666968
-0.228411940770784
-0.172535983617441
-0.914845831700931
1.34683018597738
0.422685302305076
0.387836486300087
-0.476639659212008
0.065026748161399
0.919776771077079
0.744294669720665
1.53148604119995
-1.07860762066033
-0.981469292873506
0.0493137487208024
1.32461779625368
0.111164332156178
0.150523946496358
0.228493770940473
-0.311895734262247
0.00351925526804153
0.932584480492177
0.263038066303517
-0.562382472679167
0.562317939073305
0.288758980768122
1.79672777962771
1.37202912398474
-0.551043324337291
-1.219578340296
-0.451788557844035
1.93708838167401
0.95669975444978
-1.06804712755925
0.506821488602256
-0.0193881761676995
0.45896608272944
-0.538729129329699
1.62266930653555
-1.2593623758706
-0.980624653972279
1.57750809758337
0.706765684864628
0.186085336070368
0.468097817869132
1.31290488372943
0.216625381983672
-0.962843998887592
0.60187344138561
1.57538800080647
0.163190146294766
0.779312517324896
1.82729382517317
-0.88892020136835
-0.567827481555182
-1.04843208529685
-0.43236260789611
-1.09651631761629
0.633100919887346
0.904187872326176
0.168670070968744
0.247953594312631
1.41229686229859
1.63075481419417
-2.15040980258356
-1.06303830652346
1.71633299482194
1.15255307543865
0.267816893682524
1.16006892854152
1.66000997027753
0.478830654648237
-0.78038911574062
1.99540804188444
0.422522732336501
-0.0854486418962886
3.05431823694766
-1.63909230376121
1.94177186170886
-0.141781753315327
-0.715606341325709
0.766086565604969
0.453283525747436
-1.51273839920869
0.0707421431872772
0.661221195653172
-0.409033443767166
0.725992088450386
0.869130842599404
-1.02499845015809
-0.433060420007219
-1.20706231176194
-0.543577948750542
1.82608736657775
1.82383383203005
0.0602130434067378
0.536947053080934
2.24866996284837
0.841357835054652
-0.634621421694924
1.58151857911223
1.85397766973609
1.57739079743918
0.20154653041143
2.00534058405999
0.727239167341805
1.72129785965271
1.80220958318087
0.396208743069384
0.477212872164826
-0.737743049303015
0.67369079965989
0.938741361392321
-0.505771378606685
0.818801210922229
-0.26205893572472
0.437192855757988
1.25230662752916
2.62510397514632
-0.87899843183699
0.148985359237728
1.32822931625285
0.150046704961606
-0.632581411430356
-0.285011597798914
0.585918146005977
0.522009466232533
1.05787028585733
1.05051600734927
0.453427743080656
0.0215991195121378
0.277679537488978
1.28339850245556
2.01539789675454
-0.103137379547032
0.420784114258356
0.90293825162489
0.408876186514903
0.490677999115421
1.44450160872839
0.368945274017867
-0.648510508289524
-0.232095637434748
1.25311073269399
0.401049702305233
0.292875317295732
1.92411360088212
2.29044095847194
2.15146671437624
2.48272639167103
1.51431203198902
2.67851160439136
0.376744605896626
0.887511815430725
-0.240624383631543
-0.28541770538709
0.546790052429349
0.101705135072918
0.237370154414731
-0.776130566829511
0.538747533456982
0.625509316829473
0.460193195682273
-0.675669188974057
1.39780675881044
0.837648992993065
0.397260559738798
-2.34766892641951
-0.627800808365997
1.40802626534756
1.33285335870433
1.41433590975618
0.856048507033057
1.29777651606443
0.499532024223941
-0.233963781736273
1.76827890624525
1.47825541026563
1.11391891666492
-0.233728883016481
0.372254252315246
-0.337303776384751
0.561721299187834
2.40990447368805
0.636361904627763
0.0757468950670215
0.841013182337063
-1.43874483138997
0.0129722592681747
-0.227455949851296
-0.418857243366829
-1.18266481554066
-1.4293113548345
-0.622153968335476
1.59876831517824
0.887432662244294
0.795808189635542
0.321022787586863
-0.219989535574465
-0.397905406646724
0.0171568824189832
0.200180416611538
-0.0610501352148524
0.587100213778978
0.306132748873485
0.122739570635972
2.3875206387277
1.08791094931977
0.124395678276343
1.08970610161165
1.64478477733908
-0.269983691258688
2.82942120756853
0.000479098504549857
-0.794633925194293
0.937210054216859
0.151894236475848
-0.642983778469938
-1.27472577242966
-0.22033695937462
1.06610598699404
1.61070293316997
-0.686924680379532
-0.466696018694189
0.441204357766094
1.99660355609447
0.0691977900964689
3.07999438896174
2.73148941417363
2.19780617459247
1.37282220035672
3.06430916089403
2.66555428771173
-1.23770907412593
1.19658300421806
1.48396674969681
-0.48323742808357
-1.00818228030245
1.13538179119364
1.94263880694327
-0.287880796885479
0.582094561025069
1.16992409960194
0.766208018479124
0.760272575756136
0.278734320185109
0.653888580087406
-1.45569500048471
2.42397474848573
0.356448826704686
1.41636721692872
0.834173670065487
0.538444282568166
0.887672206560875
-1.47409304452731
-0.714892664914112
0.00388275324239751
0.0205006500425797
0.933723173254641
0.607766958774947
2.86241267363087
-0.677706140518323
-0.208026596626939
-0.838474058692472
1.54135218879988
0.00668789126514652
0.672962446243678
1.96988129393209
-0.417009729330042
-1.06145612163456
-0.783671787064271
0.472409412507665
0.882563155486705
1.56313702819779
-1.81345724374459
0.62116172133913
1.17812766063666
-0.0628221858094423
-0.00440915384458607
1.84989836070511
1.17510979549504
2.04347882246222
3.09915771619851
-0.210245658629929
1.20920158763425
-0.96971577832384
-2.03202711906209
2.01158887745229
0.00163118764736957
-0.468525193952048
1.26218965251136
-1.16566107490969
-0.211583557705306
0.999042624650824
2.40223944850868
1.13559294741163
1.23299025255831
2.05998094344824
0.135519822075711
0.123668029443501
0.605598169453888
0.522196810668983
1.4883397100253
0.378024077484544
0.217047132318171
-0.0185927975247873
-0.485917505729437
0.434937247469489
0.19957091195728
-1.39800483421442
-0.234548426186457
-0.724589088817712
1.2654839136852
1.01920204628345
-0.118444800438956
-1.71093231981956
0.00912446769067204
-0.271300428743088
0.496775721476071
1.13455794347656
0.0225174619379382
1.28220773818393
1.18640153159677
1.92523291274442
0.583736743582438
0.00850952483349732
1.71578019932476
-0.198001616667927
0.447633959001751
-1.27209164340925
0.797898611102401
2.17499041661034
-1.18139961156532
1.7592190240076
1.09210708988192
0.96646727944352
1.34254587163596
1.07351268505172
0.902080362108148
0.217420044253902
0.839222621803246
1.96322060558163
1.09564814427149
1.18009699711617
2.99734383803519
0.831341375122242
-1.7536738428695
1.52970123463527
0.598115421413799
0.0439788329890363
-0.52040540207615
0.578012275086076
1.50821808389675
1.30685427827016
-1.82536401724094
1.47580281349221
3.06076968492642
1.21170837318999
-3.67335063657971
-0.284857300351749
1.3603179466622
0.245186072197582
3.89010056335334
1.82928440908825
-0.0907006766120463
0.138324105304434
0.0434313156188717
-1.52858427541764
0.461988937734429
0.751296122828758
1.45627368564833
-1.28989222267874
-1.52173816595497
2.96036755450806
-0.427915932269784
0.585437312426456
-0.380351283444033
-1.4631176030133
-0.844035881380575
0.772099890962426
1.46197791324153
-1.66855252000274
0.855956252184734
1.26996870691516
0.154697439310355
0.19961373638201
2.2101049405207
1.66989486911382
0.736200533488035
0.234804961640808
0.660172679494914
-0.323834054414122
-1.50413395240795
-1.45430294102192
1.60241010207266
0.263012867033793
0.184382579173896
-0.824101138325285
1.44625055384936
1.2985543444265
0.641634574229515
1.40573336290716
1.34557308463664
0.463312878900184
1.08428474392297
0.553859186122349
1.84863488565964
1.22328198293739
0.398081494525249
-0.485770120403641
0.384967032576392
0.70220253124851
0.736456143388548
1.31551164799967
0.791027924268361
0.660106243547566
1.10453591851059
0.277719977006691
2.55940846146466
0.662475759627806
3.45828704866903
2.09485047113941
1.86783081974185
0.932655156089853
-0.167978118278935
0.852099544039224
1.90134367542489
1.38540258888728
2.06148393929164
2.13515630785948
-0.156960412779258
-0.346120037378856
0.444224235503504
0.899150410973658
1.46855502470812
1.19145007351816
1.41404257223395
-0.694601600694493
1.32130380439542
0.121336706169048
0.187170128643341
0.908229825825687
0.264110046689555
0.779777919718601
0.844649702572483
0.902083312246492
0.0214387686079509
0.951427732111632
1.37690539388263
-0.715920822299117
1.80428423843915
1.293229459248
-0.0949773170345609
0.134960527568899
0.388469670834387
-0.88734762255069
-1.08501296519103
1.22557306746205
0.891925263609921
-1.48182799603917
-0.0554178147494383
0.381213111214137
0.379884131075232
1.26040989191535
0.776533962412581
1.0649570640848
0.733204937768956
1.27256283685862
-0.408095864100723
-0.221548058060713
-0.47162648393702
0.677433894192974
1.7154151101591
-0.0476765169790981
0.192685939339153
-0.0106120252373798
0.162766147640218
1.20284430306346
2.34221363069247
0.12282302267318
0.188818686461083
-0.0705334080613877
1.24811379804534
-1.33027596157161
0.487053088341732
-0.304263298525074
2.24912662460448
-0.119533236387603
1.06566956761682
0.890630804603414
2.6881134977582
2.03591379307198
-0.131503133900752
-0.113170040346341
-0.500334466203997
-0.321848600308116
0.964814134044735
0.630688979596956
1.70932618246077
0.931135046651301
0.121428883124409
0.886873007302185
-0.873170100150523
0.630319544283526
0.731960719472715
1.3650575283283
1.44085062259573
-0.186628834246445
-0.120358761821217
0.324286259064915
0.857864900306783
0.547864296912908
1.1031946198746
0.503193585989311
-0.455442256071433
0.566877065236016
1.95033573642867
1.36900996978092
0.631010823969473
-1.11398786806158
1.7293130907307
2.2354076915645
0.0669452415265429
0.134198713278442
-1.66793696799007
0.40495377990734
-0.979878192151496
0.199076373841359
1.26436292226455
0.707237922140277
-1.11347868376441
