method,scenario_id,scenario,rep,N,n_X,sigma2_x,ATE_est,NDE_d0_est,NIE_d1_est,NIE_d0_est,ATE_true,NDE_d0_true,NIE_d1_true,NIE_d0_true,ATE_bias,NDE_d0_bias,NIE_d1_bias,NIE_d0_bias,converged,first_10_loss,last_10_loss,last_10_loss_sd,relative_drop,relative_sd
cmavae,4,N4000_nX200_sx1,67,4000,200,1,1.815572,1.213330,0.602242,0.374739,1.706012,1.130263,0.575749,0.383833,0.109560,0.083067,0.026493,-0.009094,True,270.380041,236.391945,0.003433,0.125705,0.000015
