"method","scenario_id","scenario","rep","N","n_X","sigma2_x","ATE_est","NDE_d1_est","NDE_d0_est","NIE_d1_est","NIE_d0_est","ATE_true","NDE_d1_true","NDE_d0_true","NIE_d1_true","NIE_d0_true","ATE_bias","NDE_d1_bias","NDE_d0_bias","NIE_d1_bias","NIE_d0_bias"
"lsem_oracleZ",2,"N4000_nX10_sx1",47,4000,10,1,1.632590070992,1.15832576699383,1.15832576699383,0.474264303998172,0.474264303998172,1.69790427719803,1.31405593856683,1.12213176925124,0.575772507946788,0.383848338631192,-0.0653142062060308,-0.155730171573003,0.0361939977425874,-0.101508203948616,0.0904159653669797
