method,scenario_id,scenario,rep,N,n_X,sigma2_x,ATE_est,NDE_d0_est,NIE_d1_est,NIE_d0_est,ATE_true,NDE_d0_true,NIE_d1_true,NIE_d0_true,ATE_bias,NDE_d0_bias,NIE_d1_bias,NIE_d0_bias,converged,first_10_loss,last_10_loss,last_10_loss_sd,relative_drop,relative_sd
dmavae,4,N4000_nX200_sx1,15,4000,200,1,1.917205,1.352470,0.564735,0.349199,1.703514,1.127960,0.575553,0.383702,0.213692,0.224510,-0.010818,-0.034504,True,261.910015,237.265550,0.005819,0.094095,0.000025
