"method","scenario_id","scenario","rep","N","n_X","sigma2_x","ATE_est","NDE_d1_est","NDE_d0_est","NIE_d1_est","NIE_d0_est","ATE_true","NDE_d1_true","NDE_d0_true","NIE_d1_true","NIE_d0_true","ATE_bias","NDE_d1_bias","NDE_d0_bias","NIE_d1_bias","NIE_d0_bias"
"dml_proxyX",5,"N1000_nX10_sx3",95,1000,10,3,1.45177827390626,1.26243109213321,1.0878180455099,0.363960228396355,0.189347181773051,1.71847685074033,1.33533428135617,1.14376299666409,0.574713854076242,0.383142569384161,-0.266698576834072,-0.0729031892229637,-0.0559449511541872,-0.210753625679887,-0.19379538761111
