"method","scenario_id","scenario","rep","N","n_X","sigma2_x","ATE_est","NDE_d1_est","NDE_d0_est","NIE_d1_est","NIE_d0_est","ATE_true","NDE_d1_true","NDE_d0_true","NIE_d1_true","NIE_d0_true","ATE_bias","NDE_d1_bias","NDE_d0_bias","NIE_d1_bias","NIE_d0_bias"
"dml_proxyX",7,"N1000_nX200_sx3",62,1000,200,3,1.62704501646503,1.33303067978685,1.00963580627694,0.617409210188091,0.294014336678177,1.6945013378076,1.31112125113812,1.11943120780338,0.575070130004224,0.383380086669483,-0.067456321342573,0.0219094286487298,-0.109795401526444,0.0423390801838672,-0.0893657499913059
