"method","scenario_id","scenario","rep","N","n_X","sigma2_x","ATE_est","NDE_d1_est","NDE_d0_est","NIE_d1_est","NIE_d0_est","ATE_true","NDE_d1_true","NDE_d0_true","NIE_d1_true","NIE_d0_true","ATE_bias","NDE_d1_bias","NDE_d0_bias","NIE_d1_bias","NIE_d0_bias"
"dml_proxyX",3,"N1000_nX200_sx1",75,1000,200,1,1.63577941904102,1.25305937284122,1.04970478055804,0.586074638482975,0.382720046199796,1.67749422387871,1.29405382840551,1.1023336306689,0.575160593209813,0.383440395473208,-0.0417148048376932,-0.0409944555642892,-0.052628850110858,0.0109140452731619,-0.00072034927341208
